# Chunk-averaged data for fix 5 and group mobile
# Timestep Number-of-chunks Total-count
# Chunk Coord1 Ncount density/number v_T vx vy vz v_vx2 v_vy2 v_vz2 c_cols[1] c_cols[2] c_cols[3] c_cols[4] c_cols[5] c_cols[6]
1000000 800 500000.00000000064
  1 0.125 0.855044 0.00855044 20202.5 -2.79306 2.24119 3.7502 19975.7 18599.4 22032.3 -185.876 -219.587 -239.388 31.3674 23.5773 26.7568
  2 0.375 42.9681 0.429681 17355.4 -0.242855 2.5538 0.0889291 16483 15421.1 20162 -248.801 -237.566 -209.567 -3.2724 -4.15321 1.74869
  3 0.625 61.6169 0.616169 16858.6 0.503516 1.96802 -0.153832 15736.1 15522 19317.7 -333.55 -342.666 -261.957 0.892144 -3.93972 4.02913
  4 0.875 60.6547 0.606547 17289 1.03683 2.24189 -0.266245 16648.2 16124.7 19094 -372.879 -371.971 -385.92 4.13476 -1.75456 -0.225243
  5 1.125 61.4455 0.614455 16760.5 -0.630166 -0.0429901 -0.606603 16198.1 15517.6 18565.8 -367.773 -369.965 -395.853 -3.75516 2.48983 -2.02975
  6 1.375 60.8783 0.608783 16717.8 0.983774 -0.116527 -0.942708 16219.3 15578.8 18355.3 -366.817 -379.676 -386.773 -0.751196 3.64219 -2.52714
  7 1.625 61.3539 0.613539 16672.6 2.21056 0.604793 -1.34713 16470.9 15593.8 17953 -378.223 -376.924 -384.51 6.28332 -3.57948 2.32141
  8 1.875 60.8471 0.608471 16810.8 1.9288 2.32933 -1.61816 16751.5 15799.2 17881.6 -376.515 -360.051 -394.217 1.15704 2.82067 0.53754
  9 2.125 60.8727 0.608727 16644.1 2.15816 1.39024 -1.93727 16345.1 15846.5 17740.7 -376.756 -365.063 -387.615 5.86456 1.50531 -1.33673
  10 2.375 61.1767 0.611767 16493 -0.190164 1.77039 -2.16185 16147 15836.6 17495.3 -370.296 -368.377 -388.076 -1.20855 -7.06014 0.0606034
  11 2.625 60.8435 0.608435 16506.4 0.379763 2.02256 -2.47295 16046.5 16199.3 17273.3 -368.956 -363.201 -379.751 4.08183 -0.382031 -1.52735
  12 2.875 60.0905 0.600905 16357.5 -0.18116 2.44331 -2.87418 16108.4 15761.7 17202.5 -374.352 -367.259 -379.003 -7.04203 1.10717 -2.51606
  13 3.125 60.3289 0.603289 16215 -0.0472055 1.59775 -3.15769 15870.3 15568.6 17206.1 -375.064 -371.48 -370.699 -0.547683 1.06486 2.7712
  14 3.375 59.2054 0.592054 16382 1.60705 1.342 -3.63484 16089.7 15710.7 17345.7 -354.111 -361.303 -366.469 1.02444 -4.10056 -1.21247
  15 3.625 57.9163 0.579163 16133.3 1.53307 0.799809 -4.14951 15627.5 15418 17354.6 -349.124 -342.116 -364.582 7.33423 -3.27005 -0.128792
  16 3.875 57.6963 0.576963 15871 1.4449 2.00676 -4.35353 15109.5 15374.5 17129.1 -342.697 -330.635 -355.411 9.50947 5.43354 -7.26568
  17 4.125 57.4681 0.574681 16053.4 1.49522 3.47554 -4.58778 15425.8 15577 17157.4 -340.367 -333.619 -346.125 4.46209 10.0055 -9.29918
  18 4.375 56.5752 0.565752 16338 1.10947 3.13386 -4.98674 15736.4 16044.4 17233.1 -337.382 -341.17 -348.339 -1.81188 3.47317 -0.613798
  19 4.625 56.2886 0.562886 16238.2 1.47629 3.27211 -5.25875 15919.5 15780.7 17014.3 -365.082 -356.117 -346.552 -8.56494 2.20711 0.930255
  20 4.875 56.1153 0.561153 16215 2.39704 3.39421 -5.58992 15626.8 16201.2 16816.9 -316.284 -324.59 -343.423 3.80074 6.96915 -1.89166
  21 5.125 55.0317 0.550317 16041.9 4.50334 3.88878 -6.11657 15613.8 15544 16967.8 -314.756 -318.089 -339.423 -0.433149 -0.955317 -0.868174
  22 5.375 55.2772 0.552772 16080.9 4.60381 2.06948 -6.21494 15631.1 15841.5 16770.3 -308.562 -312.877 -331.69 -6.39052 -5.97442 0.56059
  23 5.625 54.8145 0.548145 16097.5 3.39075 1.34801 -6.3792 15816.7 15749.9 16726 -315.531 -324.369 -328.213 2.23341 5.51973 -5.70984
  24 5.875 54.2539 0.542539 16029.7 2.54845 1.65208 -6.67751 15453.1 15864.8 16771.4 -311.127 -308.305 -314.013 1.54321 4.13005 5.32227
  25 6.125 53.2024 0.532024 15704.9 2.9146 -0.177787 -7.20481 14957 15441.7 16716.1 -299.878 -297.875 -307.28 2.29852 4.11764 -0.45043
  26 6.375 52.5966 0.525966 15783.9 2.88976 -0.792048 -7.51313 15070.7 15714.5 16566.4 -309.348 -297.574 -301.959 1.57477 0.803044 2.6127
  27 6.625 52.2711 0.522711 15711.3 3.41754 0.141514 -7.73944 15194.2 15567.6 16372.3 -294.759 -298.533 -304.705 4.20785 -3.71431 0.900568
  28 6.875 51.5523 0.515523 15817.5 1.84166 0.216233 -8.02842 15428.6 15454.6 16569.4 -286.272 -295.909 -290.162 1.93489 0.0246628 1.29661
  29 7.125 50.6758 0.506758 15791.5 -1.74618 -0.364281 -8.49185 15305.5 15477.1 16592 -284.54 -297.937 -302.39 -6.17978 2.45997 -4.69826
  30 7.375 50.4686 0.504686 15662.6 -0.743287 1.09784 -8.84578 15349 15239.2 16399.6 -287.446 -290.695 -290.403 -7.69139 0.438058 -0.501744
  31 7.625 49.2423 0.492423 15627.7 -0.242849 0.967566 -9.14675 15272.9 15078.9 16531.4 -288.153 -280.083 -293.873 -0.272915 -3.74132 -4.94121
  32 7.875 48.8117 0.488117 15694.9 0.669152 1.64249 -9.3541 15551.2 15048.8 16484.6 -277.053 -266.26 -285.403 3.04356 -2.58186 -0.333091
  33 8.125 47.7986 0.477986 15931.4 1.4858 0.298078 -9.80031 15568.9 15384.7 16840.5 -271.774 -268.478 -274.275 2.84297 -3.10848 0.0911806
  34 8.375 47.4451 0.474451 15604.3 1.70754 -0.465229 -10.1402 14879.3 15542.7 16390.9 -265.56 -266.307 -275.986 -4.3082 -2.93539 -1.54265
  35 8.625 46.5339 0.465339 15352 2.10367 1.09304 -10.4818 14635.1 14934 16487.1 -259.445 -252.644 -266.255 6.33522 2.18816 1.43355
  36 8.875 45.7977 0.457977 15535.2 2.35991 -0.81077 -10.7207 15148.6 14969.3 16487.6 -259.442 -253.963 -258.408 -1.55165 7.00911 2.08716
  37 9.125 45.302 0.45302 15360.6 3.33197 -1.31335 -11.2079 15058.5 14559.5 16463.7 -250.278 -257.551 -256.433 0.350991 -2.00719 -2.11543
  38 9.375 44.6958 0.446958 15464.1 3.48985 -1.75076 -11.4712 14843.1 15016.1 16533.2 -241.634 -247.158 -250.436 -0.176136 1.19299 1.40696
  39 9.625 43.9379 0.439379 15618.6 3.59368 0.477014 -11.8952 15046.6 15228.9 16580.2 -254.13 -253.995 -248.806 0.451931 1.15921 -2.36022
  40 9.875 42.8728 0.428728 15902.4 3.29298 0.479271 -12.2362 15030.8 15840.9 16835.6 -244.582 -246.672 -256.805 5.58877 3.05639 1.23788
  41 10.125 42.3615 0.423615 15809.2 2.20493 -1.01261 -12.3649 15051.4 15734.6 16641.5 -237.926 -246.017 -243 -3.16679 -3.43304 3.15601
  42 10.375 42.3968 0.423968 15888.3 2.34023 -0.139956 -12.6196 15448.9 15734.6 16481.4 -242.611 -238.671 -244.266 -0.903248 -1.70053 3.3177
  43 10.625 41.4929 0.414929 15778.9 1.78787 -1.44256 -12.9633 15362.4 15667.5 16306.8 -223.098 -231.268 -231.663 8.03823 -0.274404 6.28515
  44 10.875 41.1313 0.411313 15499 2.87206 -0.626284 -13.11 15213.7 15138.7 16144.6 -232.744 -227.658 -228.124 2.37601 0.321663 0.823717
  45 11.125 40.2966 0.402966 15726.5 3.64641 -1.18367 -13.6253 15292.1 15609.1 16278.4 -233.476 -221.894 -235.472 5.24143 -0.236069 -0.568521
  46 11.375 39.6143 0.396143 15573.6 1.95352 -1.01295 -13.7445 15064 15466 16190.7 -233.204 -222.879 -224.733 0.611659 -3.69792 -2.36786
  47 11.625 38.7357 0.387357 15865.5 2.83336 -1.13537 -13.9965 15879.7 15309.8 16406.8 -227.393 -212.556 -219.159 -0.789834 -1.12853 3.21767
  48 11.875 38.0283 0.380283 16024.1 4.10278 -1.19995 -14.7471 15616.3 15721.9 16734.1 -205.123 -214.925 -213.813 4.80706 -6.08889 7.09763
  49 12.125 37.4812 0.374812 15802.8 3.94732 2.21709 -15.0419 15020.9 15807 16580.6 -222.735 -225.848 -222.413 2.07966 -0.687985 3.93837
  50 12.375 37.0464 0.370464 15613 3.68928 -0.432254 -15.1985 15012.1 15451.2 16375.7 -214.256 -209.642 -211.438 0.29178 1.93393 4.1466
  51 12.625 35.8821 0.358821 15531.1 4.53942 0.0309383 -15.9199 15001.8 14798.6 16793 -224.483 -212.67 -223.191 -6.77387 -4.00753 -1.57369
  52 12.875 35.328 0.35328 15544.4 3.84738 0.964529 -16.274 15059.8 14858.8 16714.7 -208.112 -204.339 -213.998 -4.32453 -1.84112 -1.22635
  53 13.125 35.1453 0.351453 15370.4 4.19944 1.12684 -16.5101 14918.7 14649.7 16542.8 -207.527 -196.039 -217.064 -0.211198 -4.47536 4.44442
  54 13.375 34.8348 0.348348 15249.6 2.48354 -0.235923 -15.9756 14603.8 14874 16271.1 -208.625 -199.197 -209.824 0.623248 -6.8522 3.05788
  55 13.625 34.6118 0.346118 15699.9 2.42084 0.0433384 -16.1487 15559.9 15487.4 16052.5 -200.264 -192.933 -191.038 2.73599 -5.59077 4.21401
  56 13.875 33.8561 0.338561 15609.7 1.695 -1.69109 -16.7515 15373.8 15121 16334.4 -196.804 -202.062 -200.773 0.161254 -3.40769 0.307803
  57 14.125 32.4594 0.324594 15614.9 2.03583 1.63402 -17.4738 15008.4 15212.3 16624.1 -196.786 -194.48 -193.889 -2.77602 2.64897 -2.63728
  58 14.375 32.0901 0.320901 15420 1.58533 -1.7277 -17.9178 14567.7 15140.1 16552.1 -180.823 -178.435 -188.378 -1.30588 0.402453 -1.16358
  59 14.625 32.1802 0.321802 15609.4 1.7018 -3.90129 -17.6546 14744.1 15790.2 16293.8 -179.705 -185.445 -178.023 3.94035 7.69193 -0.32489
  60 14.875 31.584 0.31584 15423.1 0.191624 -3.68298 -17.9968 14922.6 14951.7 16395 -182.581 -180.802 -179.323 -1.622 4.4889 -3.94247
  61 15.125 31.2551 0.312551 15327.8 -1.19766 -2.11867 -18.3395 14855.3 14800.6 16327.4 -168.518 -183.622 -175.434 2.80459 -1.89587 -6.16546
  62 15.375 30.7186 0.307186 15513.9 2.00467 -0.281859 -18.9212 14925 15326.2 16290.5 -188.594 -178.124 -188.383 1.55879 -0.740681 -2.49985
  63 15.625 29.9025 0.299025 15547.2 0.568916 -0.931442 -19.2403 14937.4 15266.1 16438.1 -179.675 -171.703 -188.423 -7.47068 -4.34604 9.9377
  64 15.875 30.3222 0.303222 15042.1 1.62644 -3.00563 -18.5827 14338.6 14880.7 15907 -166.225 -168.537 -170.633 -0.244771 -0.243138 4.3939
  65 16.125 29.4856 0.294856 15058 -1.16485 -2.20678 -19.2507 14532.8 14410.7 16230.6 -158.761 -162.962 -175.419 -2.15477 -4.88737 3.01737
  66 16.375 28.5949 0.285949 15174.1 -1.26393 -5.48231 -19.7295 14272.7 14772.9 16476.6 -147.476 -165.856 -169.12 3.36821 0.220506 2.45701
  67 16.625 27.6945 0.276945 15313.1 -0.199251 -3.37736 -20.8662 14431.9 14676.5 16830.7 -160.964 -166.236 -161.079 8.37534 -1.72207 0.9975
  68 16.875 27.1139 0.271139 15707.1 0.55106 -4.83313 -20.7908 14901.8 15279.5 16940.1 -173.766 -167.028 -157.27 -2.02525 -4.43634 1.31126
  69 17.125 26.8685 0.268685 15404.7 -0.307698 -3.32951 -21.3011 14528.4 14977 16708.6 -155.57 -148.825 -164.112 -0.246831 -7.79637 -4.74557
  70 17.375 26.8463 0.268463 15191.7 1.97859 -5.14502 -21.1221 14383.3 14749.3 16442.6 -143.431 -150.864 -148.648 -6.4959 0.386676 -3.41752
  71 17.625 26.6053 0.266053 15475.9 1.12622 -2.9202 -21.3484 15073.1 14933.2 16421.3 -153.179 -150.929 -171.942 2.94453 -2.60326 -1.34765
  72 17.875 25.9818 0.259818 15482.5 -0.65934 -3.90127 -21.5039 14966.1 15122.5 16358.8 -158.033 -149.542 -160.305 -0.434564 -1.09803 -1.98472
  73 18.125 25.5488 0.255487 15443 -0.333729 -4.38386 -21.5528 14877.1 15026.6 16425.2 -160.054 -148.549 -158.871 -2.34647 -7.03071 4.5191
  74 18.375 25.1529 0.251529 16103.8 2.1124 -4.52103 -21.839 15227.9 16477.6 16605.8 -152.758 -146.652 -141.37 -0.360832 0.94991 -0.428355
  75 18.625 24.193 0.24193 15984.4 0.953124 -5.37525 -22.896 14956.2 16038.5 16958.5 -151.082 -143.958 -153.717 -4.16048 -4.59233 1.53494
  76 18.875 23.6866 0.236866 16021.6 0.162645 -5.7556 -22.7523 15166.7 15834.4 17063.9 -145.252 -140.901 -142.779 5.4552 -0.825078 6.86481
  77 19.125 23.2281 0.232281 15989.4 -1.58876 -2.18616 -23.3322 14982.8 15796.2 17189.3 -145.519 -141.024 -140.46 -3.44445 -6.44751 2.46901
  78 19.375 23.2644 0.232644 15927.6 -1.4493 -1.33412 -23.4665 14836.2 16034.4 16912.3 -144.727 -146.064 -139.545 0.286927 -7.12808 -4.68027
  79 19.625 22.8316 0.228316 15871.5 -1.61685 -3.20312 -23.7588 14811.7 15835.8 16967.1 -135.823 -121.571 -138.805 6.08006 -1.91391 -5.34725
  80 19.875 22.1609 0.221609 15882.3 -0.0775249 -3.64085 -24.2341 14997.6 15439.8 17209.3 -126.443 -137.42 -143.969 3.68366 1.49237 1.97611
  81 20.125 21.6315 0.216315 15757.5 -0.138402 -4.25047 -24.356 14940.2 15009.2 17323.2 -115.046 -125.384 -136.872 0.721079 5.91684 4.32343
  82 20.375 21.6436 0.216436 15620 0.642571 -1.867 -23.9863 14812.3 14980.4 17067.4 -125.276 -122.659 -134.496 3.71151 -0.995208 0.433594
  83 20.625 21.3313 0.213313 15757.8 2.10963 -4.23289 -24.6081 15096.2 15049.3 17127.9 -135.609 -120.616 -125.402 3.9144 -0.954883 -1.18925
  84 20.875 21.1606 0.211606 15761.5 0.852644 -1.66023 -24.5752 15064 15152.1 17068.5 -125.904 -130.123 -126.818 -2.14758 13.4623 1.72084
  85 21.125 20.7641 0.207641 15784.9 1.48345 -5.84068 -24.7154 15443.9 14757.3 17153.7 -126.414 -122.738 -116.926 0.0460267 2.59928 1.79704
  86 21.375 20.5137 0.205137 15831.5 -0.585394 -2.61808 -24.5928 15780.8 14687.9 17025.9 -118.178 -125.445 -127.259 -0.00251122 4.97982 2.37485
  87 21.625 19.9194 0.199194 15817.4 0.571175 -4.4772 -25.273 15081.9 15129.4 17241 -107.399 -112.316 -117.914 -4.54521 -1.03618 4.11239
  88 21.875 19.5779 0.195779 15588.8 0.0283967 -1.0381 -25.7611 14729.1 14607.8 17429.5 -112.325 -116.27 -125.164 0.829065 1.86023 3.30985
  89 22.125 19.1363 0.191363 15879.3 1.8739 -0.973114 -26.2567 15256.7 14797.3 17583.9 -120.053 -114.996 -121.424 -3.11347 3.52949 2.55962
  90 22.375 19.4868 0.194868 15902.1 -1.45327 -3.51112 -25.6565 15595.7 15069.6 17040.9 -115.575 -116.01 -119.548 -1.50432 -1.17425 1.36184
  91 22.625 19.1648 0.191648 16001.1 -3.57457 -3.0011 -25.2592 15654.5 15347.2 17001.5 -105.067 -106.95 -111.655 3.22726 3.65299 -3.57725
  92 22.875 19.1961 0.191961 15878.8 -1.56169 -4.45471 -25.291 15608.8 15235.1 16792.4 -118.902 -113.264 -112.84 1.80509 8.48696 1.8841
  93 23.125 19.1135 0.191135 16130.8 -2.22196 -5.73379 -25.2566 15806.8 15961.9 16623.8 -116.853 -120.419 -120.92 -2.87357 8.95551 -1.50022
  94 23.375 18.338 0.18338 16132.6 -1.84971 -6.92641 -26.0958 15145.7 16147.6 17104.6 -107.39 -112.488 -109.574 4.4901 -1.84956 4.26993
  95 23.625 18.2244 0.182244 16099.2 -2.0894 -4.71393 -26.2422 16003.6 15244.1 17050.1 -115.31 -113.928 -114.883 9.2974 -0.959255 1.83123
  96 23.875 17.7012 0.177012 16150.1 -0.662393 -6.43478 -26.2959 15656.8 15622.3 17171.2 -105.24 -116.407 -110.699 2.37093 7.21334 2.97469
  97 24.125 17.3908 0.173908 16260.2 -1.02948 -7.92937 -26.7927 15610.4 15894.2 17276.1 -120.998 -112.676 -121.474 4.94023 0.330375 2.5404
  98 24.375 17.1117 0.171117 16324.5 0.837239 -6.75586 -27.1822 15340 16261.5 17372 -120.585 -111.428 -117.972 0.686445 -4.72034 -5.06325
  99 24.625 17.3366 0.173366 15990.2 -1.92314 -6.64739 -26.8504 15429.8 15606.2 16934.5 -105.757 -103.958 -106.9 10.1905 -6.88699 7.25754
  100 24.875 17.0772 0.170772 15733.5 -3.26322 -1.34757 -27.0565 14982.8 15234.5 16983.3 -98.2181 -90.8353 -107.059 3.93436 1.31071 3.64704
  101 25.125 16.4679 0.164679 15980 -2.44896 -2.84244 -27.9847 15275.5 15377.9 17286.5 -104.234 -112.635 -109.353 2.61198 0.9621 2.4339
  102 25.375 16.1693 0.161693 16245.1 -3.61812 -2.5017 -28.2996 15512.7 15706.2 17516.4 -96.2627 -99.4421 -108.892 10.2778 4.29074 7.0483
  103 25.625 15.9334 0.159334 16225.1 -1.55379 -4.07057 -28.5232 15353.5 15680.5 17641.4 -85.0473 -89.156 -98.4887 2.16944 2.21096 0.194676
  104 25.875 16.1578 0.161578 15756.2 1.24014 -4.19173 -27.7318 14789.9 15439 17039.7 -76.8706 -84.9223 -96.3399 -0.530164 0.214556 4.18221
  105 26.125 15.6334 0.156334 16030 -3.61738 -1.24078 -28.8434 15254.6 15168.7 17666.9 -87.1211 -94.8096 -101.653 -0.267983 -3.57621 2.41094
  106 26.375 15.706 0.15706 15935 -1.26798 -0.828105 -28.8712 15143.1 15351.9 17309.9 -94.7633 -87.7862 -96.6249 -5.43564 4.75388 -0.586432
  107 26.625 15.6058 0.156058 15990.5 1.86008 -2.1844 -28.177 15458.2 15537.7 16975.5 -92.27 -82.1452 -106.14 -2.35024 1.24157 2.88907
  108 26.875 15.3037 0.153037 16178.4 1.84216 -2.40639 -28.0057 15806.3 15608.1 17120.8 -106.085 -102.443 -97.913 3.84368 6.13952 -8.5527
  109 27.125 15.0515 0.150515 15984 2.1738 -1.22274 -28.2324 15859.3 14811.2 17281.7 -90.8852 -102.327 -97.582 -1.1905 5.07216 -0.978675
  110 27.375 14.9867 0.149867 15862.8 0.836677 -0.727664 -28.4158 15435.7 15055.8 17097 -90.5696 -87.1888 -92.6748 -5.11023 0.981228 -2.44911
  111 27.625 14.7 0.147 15966.7 -1.82826 -1.99703 -29.0317 15428 15300.1 17172.1 -76.2216 -80.0046 -86.3914 -2.09751 -0.619544 -3.82009
  112 27.875 14.4848 0.144848 15909.5 -1.64131 -1.4777 -29.2141 15605.7 14763.5 17359.4 -73.6236 -81.0709 -85.4783 -2.94615 2.20169 2.61461
  113 28.125 14.2951 0.142951 16005.3 -5.57196 -3.99519 -29.2479 15802.4 14811.1 17402.4 -75.8379 -72.1836 -84.1191 -1.90217 9.05713 0.501429
  114 28.375 14.217 0.14217 15891.2 -6.23911 -1.38253 -29.046 15337.4 14928.6 17407.7 -73.4989 -78.9765 -85.6558 1.49606 6.26395 1.85239
  115 28.625 14.0276 0.140276 16111 -4.8661 -1.21468 -29.2975 15942.6 15104.7 17285.5 -81.6176 -84.0686 -93.4729 -3.87713 2.31874 -0.197439
  116 28.875 13.7926 0.137926 15937.8 -4.95617 -2.69675 -29.6985 15337 14891.6 17584.8 -88.6426 -80.0021 -94.9109 -3.6641 -3.00468 -3.23836
  117 29.125 13.5847 0.135847 15919.5 -1.53823 0.359953 -30.1514 15512.6 14596 17650 -75.304 -77.6086 -85.1066 -2.35205 2.54016 0.207053
  118 29.375 13.2721 0.132721 15976.1 1.56787 0.448354 -31.0555 15901.7 14251.8 17774.9 -85.9815 -79.6029 -92.763 1.62137 -2.39498 -3.88032
  119 29.625 13.0312 0.130312 16053 0.448068 1.32728 -31.1149 15411.1 14577.8 18170.3 -89.196 -68.0546 -86.099 4.04601 1.52227 1.44
  120 29.875 13.1983 0.131983 16003.9 -1.65088 -0.396114 -30.8556 15397.4 14902.1 17712.2 -81.5911 -70.7495 -77.9467 -0.928192 0.537396 2.1255
  121 30.125 12.8129 0.128129 16199.3 -0.944424 0.269788 -31.4897 15499.5 15106.4 17991.9 -80.5922 -85.0566 -78.2384 -1.4137 -1.77434 2.53923
  122 30.375 12.6732 0.126732 16358.6 -2.60281 0.636784 -31.0306 15916.6 15292.3 17866.8 -69.1634 -71.0739 -69.2226 -6.61029 2.68496 2.29385
  123 30.625 12.5706 0.125706 16062.3 -2.84731 0.53356 -31.4819 15160.3 15139.9 17886.7 -81.1285 -75.3928 -65.8339 -7.44468 1.76129 -4.64419
  124 30.875 12.5132 0.125132 16212.3 -3.11791 3.13324 -31.4183 15521.6 15426.2 17689.1 -82.9538 -70.9428 -71.4142 -1.67603 0.89477 -0.775141
  125 31.125 12.6421 0.126421 15963.4 -4.13223 0.195796 -30.7509 15127.3 15522.9 17240.1 -82.5791 -80.9311 -68.0178 -0.0603635 -0.0442135 -1.23644
  126 31.375 12.4806 0.124806 15695.8 -5.06743 1.77268 -30.5214 14900.9 15014.1 17172.4 -62.9306 -71.1178 -68.2532 1.04948 2.96069 1.2784
  127 31.625 12.1255 0.121255 16142.2 -4.10821 2.48108 -31.1789 15515.5 15344.7 17566.4 -66.8433 -69.3414 -75.95 1.45197 4.92494 -1.49837
  128 31.875 11.8064 0.118064 16269.9 -5.88797 -2.42717 -31.6653 15686.5 15562.5 17560.7 -68.3732 -61.1939 -75.8847 -2.51878 -3.60581 -1.18154
  129 32.125 11.6914 0.116914 16302.5 -5.51855 -1.62161 -31.3717 15329.4 15827.9 17750.3 -64.3495 -59.1368 -67.483 -4.58199 6.36699 -2.15446
  130 32.375 12.0078 0.120078 16137.7 -10.5368 -2.14713 -29.6752 15444 16015.5 16953.4 -53.1599 -52.425 -60.7494 -3.80574 4.62077 1.75699
  131 32.625 11.7532 0.117532 16142.5 -8.79274 -0.0516085 -30.84 14970.1 15852.6 17604.7 -64.6119 -70.6344 -72.538 -0.541812 8.82422 -6.87359
  132 32.875 11.2297 0.112297 16442.9 -9.29924 2.84378 -31.7212 15351.5 15901.2 18075.9 -64.9389 -70.9331 -71.1453 4.5597 3.3977 -0.347321
  133 33.125 11.1102 0.111102 16387.2 -6.5774 6.66683 -32.3119 15131.5 16047.6 17982.4 -74.0108 -86.0525 -91.7418 -6.98349 2.70115 -2.64498
  134 33.375 11.0645 0.110645 16307 -7.01218 2.66567 -32.4608 15622.8 15325.7 17972.5 -64.8935 -76.1561 -70.6071 -5.20903 -2.32372 3.47561
  135 33.625 11.2328 0.112328 16398.3 -6.87469 6.63171 -32.8705 16518.2 14964.8 17712 -60.1392 -61.1142 -73.6743 -0.998636 1.55663 -1.17882
  136 33.875 10.6881 0.106881 16352.2 -9.86928 4.24983 -33.6771 15972.6 14909.8 18174.1 -60.5508 -64.9379 -62.9784 -2.34273 6.74638 -5.60375
  137 34.125 10.5427 0.105427 16714.7 -9.72435 2.82951 -33.7535 16731.7 15074.7 18337.6 -59.9216 -64.0071 -70.6836 4.72461 0.553884 1.43367
  138 34.375 10.4227 0.104227 16382.3 -7.35226 1.89491 -33.0944 15708 15155.5 18283.5 -64.3768 -60.3358 -58.7124 -3.8498 2.31315 1.4488
  139 34.625 10.475 0.10475 16517.5 -6.43793 1.60534 -32.6061 15863.3 15710.1 17979.2 -74.3312 -54.7264 -74.0856 -1.73151 -0.788665 2.32171
  140 34.875 10.2556 0.102556 16422.9 -6.8199 3.94389 -32.7105 16285.2 15021.3 17962.2 -59.6008 -61.0527 -63.1691 2.43507 2.8179 0.572139
  141 35.125 10.3777 0.103777 16181.6 -9.6161 4.92426 -32.761 15435.9 15091.3 18017.6 -54.3494 -43.0993 -56.9327 -4.01288 -1.01562 1.90533
  142 35.375 9.91878 0.0991878 16419.7 -9.38993 3.76402 -32.9114 15675.7 15409.7 18173.6 -52.0415 -39.8015 -57.61 -2.92801 0.571835 -2.77599
  143 35.625 9.55755 0.0955755 16063 -5.53176 2.38946 -34.7315 14470.3 15206.4 18512.2 -50.388 -46.7318 -61.6739 -4.9104 -4.33189 -5.37519
  144 35.875 9.96492 0.0996492 15842.6 -9.73018 10.4542 -33.6048 14953 14711.9 17863 -58.817 -45.7955 -54.9419 0.053389 2.6567 2.37075
  145 36.125 10.1005 0.101005 15541.2 -7.91427 9.12458 -32.0406 15037.9 14294.7 17291.1 -49.1251 -54.7246 -48.7257 -4.53157 5.22729 1.53002
  146 36.375 9.7486 0.097486 16249.7 -8.9501 7.73842 -32.4585 16380.2 14745.6 17623.4 -63.768 -55.6613 -58.4913 0.955728 5.99514 -0.727144
  147 36.625 9.43886 0.0943886 16456.7 -3.3629 5.59969 -34.3165 15472.9 15576.6 18320.7 -63.27 -49.5494 -54.4218 6.01591 -2.02608 2.67356
  148 36.875 9.31429 0.0931429 16195.6 -4.40956 5.16087 -33.4267 15360.3 14908.5 18318 -56.3005 -56.2109 -53.06 0.0873601 -0.128216 4.04239
  149 37.125 9.07713 0.0907713 16486.6 -3.29009 3.26179 -35.0323 15352 15244.9 18863 -52.7004 -54.1925 -45.215 -7.04336 -0.562565 1.6381
  150 37.375 9.10663 0.0910663 16408.1 -2.87153 -2.0123 -34.152 15332.6 15350.9 18540.9 -46.2118 -58.5026 -56.4036 -0.186043 -2.05769 0.930066
  151 37.625 9.11733 0.0911733 16222 -0.558995 -3.57417 -34.4595 14986 15270.1 18409.9 -56.1624 -50.9294 -44.2901 -6.88674 1.74424 -1.39458
  152 37.875 8.99152 0.0899152 16276.5 -0.931223 -0.389795 -33.6064 14708.5 15812.5 18308.4 -46.4222 -62.2261 -55.0557 -2.5652 -4.83831 -6.88034
  153 38.125 9.17239 0.0917239 16853.5 2.10241 -3.15279 -34.3641 15079.7 17328.6 18152.3 -35.4616 -47.7942 -43.2207 -2.31758 -2.03619 -5.08785
  154 38.375 8.91352 0.0891352 16080 -2.75783 5.04582 -34.651 15455.5 14450.9 18333.5 -35.1833 -38.7697 -37.4354 -4.05685 1.3492 -1.92575
  155 38.625 8.69107 0.0869107 16022.2 -5.70937 2.51582 -33.7434 14885.8 14381.6 18799.1 -53.3821 -39.3514 -38.1694 0.2379 6.68655 -1.46579
  156 38.875 8.62059 0.0862059 16364.6 -4.59771 4.53247 -35.7741 15145.1 14767.7 19181.1 -54.2426 -48.0743 -45.9537 -0.480554 3.12459 -6.58229
  157 39.125 8.55626 0.0855626 16432.5 -3.70534 3.05655 -34.1611 15856.8 14853.4 18587.3 -55.841 -41.7145 -45.214 5.40644 -1.524 -5.27449
  158 39.375 8.78888 0.0878888 15849.6 -3.22104 3.17679 -32.3659 15103.2 15096 17349.6 -54.3437 -51.6304 -49.7915 -7.3088 -2.93072 -5.08414
  159 39.625 8.60071 0.0860071 16175 -6.67882 5.8511 -31.9196 15653.6 15403.8 17467.6 -54.0841 -46.0496 -47.818 1.77686 -2.58198 -2.98303
  160 39.875 8.51206 0.0851206 16268.6 -5.00922 3.54407 -32.1577 15485 15777.1 17543.8 -46.6949 -46.298 -55.8678 2.73877 -4.05503 -1.41381
  161 40.125 8.75836 0.0875836 15666.2 -5.37017 4.3986 -30.8816 15237.6 15132.8 16628 -49.3058 -56.6839 -52.7429 0.506107 3.77748 8.77491
  162 40.375 8.44324 0.0844324 15796.4 -10.4064 5.07851 -32.2156 15180.7 14697.1 17511.3 -47.1153 -59.9285 -68.2698 -4.53405 2.28643 6.18654
  163 40.625 8.4237 0.084237 15490.5 -7.13107 3.7507 -30.0208 14958.8 14492 17020.7 -34.5898 -42.6036 -43.6552 -0.405564 -3.5049 2.68568
  164 40.875 8.36028 0.0836028 16179.5 -5.79781 2.63893 -30.8819 15882.8 15499.3 17156.5 -38.2825 -47.9954 -53.1807 -2.60788 2.54039 -1.29647
  165 41.125 8.20079 0.0820079 16099.3 -5.55798 1.07138 -32.2926 15915 15318.9 17063.9 -44.3753 -31.7988 -49.6657 0.960672 1.95275 -3.95291
  166 41.375 8.23092 0.0823092 16191.9 -4.50757 -0.564515 -30.7425 16220.8 15516.8 16838.2 -46.3101 -37.6266 -47.9738 3.33098 -3.79005 -0.847582
  167 41.625 7.63172 0.0763172 16831.1 -3.41083 -6.09244 -33.9132 15789.5 16236.8 18467 -37.9734 -41.7014 -44.2974 -1.64059 -1.33785 3.75295
  168 41.875 7.54452 0.0754452 17248.3 -2.44692 -12.9343 -32.4957 16254 17227 18263.9 -33.2327 -41.1767 -36.2768 -1.83173 0.533907 -3.36897
  169 42.125 7.70867 0.0770867 16899 -3.94798 -6.56596 -31.6472 16353.8 16674 17669.1 -39.4772 -35.4853 -35.5409 3.75877 2.13702 -0.448706
  170 42.375 7.49553 0.0749553 17064 -8.04313 -7.96835 -33.8196 16491 16384.8 18316.3 -26.9637 -30.5845 -34.924 -4.85448 -3.19674 3.72113
  171 42.625 7.69855 0.0769855 16891.6 -4.31077 -6.72939 -32.8768 16856.8 15950.1 17868 -36.6881 -33.9066 -41.6083 -2.02119 -6.74179 3.54669
  172 42.875 7.44143 0.0744143 17011.5 -3.95668 -11.6001 -30.9848 16619.5 17020.2 17394.8 -47.9446 -36.7909 -45.1379 -2.3203 -6.54498 0.474543
  173 43.125 7.1545 0.071545 17239.5 -2.44192 -10.1746 -30.5901 16884.4 17204.8 17629.2 -40.6718 -37.4246 -45.1093 0.520069 -5.86082 -3.09474
  174 43.375 7.2195 0.072195 16887.4 -1.72011 -3.5843 -30.4704 16225.1 16875.4 17561.7 -40.2128 -52.9141 -34.616 1.98509 -1.16762 -3.24185
  175 43.625 7.13694 0.0713694 16898 -4.30484 -1.05556 -31.6798 17010 15760.5 17923.7 -48.647 -50.3208 -38.8646 11.3603 -3.45922 -2.48255
  176 43.875 7.39006 0.0739006 16283.3 -8.45905 2.23736 -28.4364 16395.6 15608.9 16845.4 -43.0896 -43.7795 -48.2471 1.78105 1.30286 -1.13501
  177 44.125 6.65268 0.0665268 16624.8 -5.99451 -1.61458 -30.0889 16731.6 15573.3 17569.4 -38.5616 -31.974 -30.0558 -2.08618 -2.26433 -3.08088
  178 44.375 6.8933 0.068933 16918.6 -2.27507 4.25413 -28.953 18300.9 15273 17181.8 -62.408 -47.7005 -52.3785 -1.77687 -2.54557 -2.89958
  179 44.625 6.68755 0.0668755 17287.2 -7.32816 -0.208346 -28.9522 18092.9 15947.7 17821.1 -49.1609 -33.0634 -41.1458 -2.67476 -1.85975 -2.78654
  180 44.875 6.66189 0.0666189 17641.7 -1.92374 13.861 -28.7811 19056.9 16336.5 17531.6 -35.6959 -33.546 -38.85 -7.56981 -6.89203 -5.91944
  181 45.125 6.5158 0.065158 16731.8 -5.43126 7.24996 -29.6913 16915.7 15600.5 17679.1 -28.95 -26.1695 -45.9846 -2.8627 -2.49729 -2.0758
  182 45.375 6.38561 0.0638561 16756.2 -5.84777 8.53458 -30.9028 17098.3 15282.9 17887.5 -25.2683 -30.5004 -36.5714 -0.422545 -8.25867 -0.965321
  183 45.625 6.57836 0.0657836 16651 -3.20488 9.22468 -29.0549 17481.8 15230.3 17240.9 -29.4563 -29.8122 -37.0586 -2.42876 -6.04667 1.91797
  184 45.875 6.47269 0.0647269 16331.3 -11.249 5.5285 -28.7183 16960.3 14529.3 17504.3 -24.6572 -28.2122 -27.1103 4.74044 -1.17606 4.02095
  185 46.125 6.14198 0.0614198 16730.3 -12.3967 2.66061 -25.6963 17924.5 14665.1 17601.3 -28.7329 -22.5666 -37.8628 -2.56948 2.16121 4.37918
  186 46.375 5.8194 0.058194 17202.2 -3.55553 8.09031 -27.7344 17639.6 15787.6 18179.2 -28.9436 -28.7457 -35.2112 1.35816 7.29012 -1.09397
  187 46.625 5.91679 0.0591679 16813.7 -4.32631 10.0103 -27.8629 17543.1 15286.9 17611.1 -30.5917 -22.2092 -33.2106 3.84983 13.1045 -6.6388
  188 46.875 5.74955 0.0574955 16955.2 1.25937 7.83407 -28.7156 16944.9 15449.5 18471.2 -30.5131 -15.1515 -36.9643 -3.11859 7.52294 5.49313
  189 47.125 5.51289 0.0551289 16742.7 -4.67098 9.01543 -28.7707 16228.6 14959.6 19040 -30.1557 -33.2576 -41.9136 -4.04927 6.59584 4.50531
  190 47.375 5.53493 0.0553493 16971.7 -6.34599 10.5195 -30.0569 16821.5 14980.8 19112.7 -33.3863 -34.6505 -38.669 1.9019 4.97485 0.350264
  191 47.625 5.5523 0.055523 16877.6 -6.39475 8.20998 -28.098 16643.3 15369.8 18619.7 -22.8397 -20.1837 -23.817 0.827898 -0.0570755 -3.16501
  192 47.875 5.17689 0.0517689 16511.4 -6.91885 7.92331 -25.3597 16314.8 14913 18306.4 -31.3449 -29.416 -30.0257 1.49115 1.22715 -4.8554
  193 48.125 5.06006 0.0506006 16623.9 0.865281 6.46243 -24.1761 16379.6 15010.3 18481.7 -28.7487 -46.0002 -32.2213 -6.22135 -1.70832 -3.82971
  194 48.375 5.22042 0.0522042 16465.2 0.768991 4.0063 -23.9008 16221.2 14776.3 18398.1 -29.3556 -27.4595 -27.6261 3.31887 2.58941 0.129593
  195 48.625 4.86881 0.0486881 17175.7 3.28784 8.58043 -23.7117 17217.1 15306 19004 -14.5841 -20.4269 -31.7959 -1.41671 2.32811 0.537209
  196 48.875 4.64624 0.0464624 17045.4 4.74786 10.8881 -20.1264 16836.5 14976.6 19323 -17.0796 -18.6792 -18.146 -4.07422 4.70553 -2.23769
  197 49.125 4.3906 0.043906 17652.2 5.21811 8.97031 -20.601 17493 15514.3 19949.2 -24.7222 -25.5773 -29.5934 -3.49581 7.91559 -0.0473572
  198 49.375 4.56362 0.0456362 16835.2 4.90313 8.1965 -19.1993 17140 14832.7 18532.8 -13.9889 -10.8853 -14.0892 -3.06723 -0.67407 -0.439341
  199 49.625 4.43163 0.0443163 17186 3.24829 6.15036 -19.1329 17363.4 15162.7 19031.9 -17.2512 -25.012 -18.1801 2.37171 0.333099 1.34835
  200 49.875 3.88041 0.0388041 18564.7 -6.43191 1.12408 -17.6844 19576.9 15361.1 20756 -31.9572 -22.7456 -16.6868 13.4645 2.40251 -4.13468
  201 50.125 3.41502 0.0341502 20653.3 2.39372 -2.08812 -6.48732 21407.7 16923.8 23628.3 -19.0899 -21.9432 -21.3152 5.64278 -2.7972 -1.5057
  202 50.375 3.57507 0.0357507 20505.4 -6.00543 3.60419 -4.00525 20460.7 16894.7 24161 -15.256 -17.9384 -19.3132 0.974001 -2.56608 -2.73839
  203 50.625 3.24896 0.0324896 21857.1 -7.37 -1.20484 -8.45741 21963.7 17320.1 26287.4 -12.1463 -27.3631 -28.9236 -1.07269 -6.44186 1.31159
  204 50.875 3.18715 0.0318715 22434.5 -9.01215 -1.10298 -11.3501 20579.2 18708.6 28015.9 -10.2754 -14.9611 -12.3136 -0.364862 -5.73927 -2.88105
  205 51.125 3.0301 0.030301 24123.3 -10.2238 0.121429 -12.714 22223.2 19434.8 30712 -31.6067 -13.0131 -9.10378 -7.38322 -0.836372 0.150208
  206 51.375 2.92328 0.0292328 24703.7 -8.05836 2.81871 -14.9341 23109.7 19198.7 31802.7 -29.9709 -18.5141 -12.4894 -10.7213 -0.101122 -4.61017
  207 51.625 2.76402 0.0276402 25635.2 -5.45574 -0.343195 -8.64802 24091.9 19849.7 32964.1 -7.00877 -22.3239 -15.9791 -0.763436 1.90643 3.25696
  208 51.875 2.74508 0.0274508 26010.9 -8.58482 -2.6438 -7.05418 25402 20391.4 32239.3 -41.3848 -21.0935 -21.008 4.54541 -2.83908 1.93789
  209 52.125 2.76625 0.0276625 25317.6 -12.7395 -2.54247 -8.88084 23232.1 20456.1 32264.4 -18.3589 -17.0179 -14.0139 2.58234 1.27208 6.43885
  210 52.375 2.56786 0.0256786 26569.5 -10.2175 -1.48082 -9.12663 24335.1 20948.2 34425.3 -15.1945 -14.0067 -13.3728 4.68618 -2.65198 1.76336
  211 52.625 2.45889 0.0245889 26555.1 -9.1641 4.86814 -10.35 23794.9 20626.9 35243.6 -5.75634 -6.08266 -4.19289 3.25995 -1.78835 2.96719
  212 52.875 2.41398 0.0241398 26976.3 -9.40621 2.81524 -7.13904 24452.9 20727.1 35748.8 -28.94 -9.34049 -7.35856 5.86785 2.05882 0.716476
  213 53.125 2.48979 0.0248979 26663.4 -6.18762 -1.25244 -7.44937 24079.4 20936.5 34974.3 -15.7089 -21.0815 -13.9054 0.155393 -4.35871 1.26876
  214 53.375 2.53683 0.0253683 27624.7 -7.66407 4.98338 -12.5177 24220.6 21969.6 36684 -10.7854 -22.2197 -10.4127 -4.14337 -1.50267 -2.5803
  215 53.625 2.46053 0.0246053 28214.1 -5.55618 3.80143 -2.65749 25977.1 23094.4 35570.8 -6.1614 -6.88628 -9.43126 2.89409 -1.82769 2.41642
  216 53.875 2.30577 0.0230577 29652.6 -9.8103 -1.04038 -6.35997 26170.2 23091.4 39696.3 -12.3923 -12.1174 -6.99443 2.57877 -0.190419 1.09582
  217 54.125 2.192 0.02192 29906.4 -15.1966 0.286162 -5.556 26218.3 22342.9 41157.9 -9.93914 -16.9297 -9.33366 -5.42761 1.23657 3.32125
  218 54.375 2.24082 0.0224082 31251.2 -13.9775 0.83446 -7.01418 26938.2 23062.6 43752.6 -11.078 -15.3392 -12.6622 -7.74459 5.9206 8.1458
  219 54.625 2.38042 0.0238042 30810.9 -12.9176 -1.03388 -1.51861 27062.4 23087 42283.3 -11.3732 -22.7128 -11.7046 -7.73672 2.28862 1.52548
  220 54.875 2.48764 0.0248764 31152.2 -16.7763 1.22196 -3.0482 27711.1 22414.7 43330.7 -26.3785 -37.5046 -16.1943 -2.27183 3.3591 4.93675
  221 55.125 2.21459 0.0221459 31767.1 -15.7878 -1.3813 -1.67145 27951.7 22179.3 45170.2 -13.4009 -27.9222 -15.8582 2.94214 -1.42375 3.0865
  222 55.375 2.0855 0.020855 32660.5 -14.5897 5.67371 -1.59491 28338.7 23169.1 46473.8 -3.39561 -3.79222 -7.72403 0.309472 0.819383 4.5219
  223 55.625 2.14104 0.0214104 32461.8 -19.654 8.23295 4.92314 29020.6 22166.3 46198.6 -5.65373 -14.1646 -12.3884 -1.10242 2.51054 6.49659
  224 55.875 2.08348 0.0208348 32757.9 -15.0818 2.37723 3.12717 29442.7 21958.5 46872.5 -5.41829 -10.1414 -10.7858 -0.146889 0.914693 3.41973
  225 56.125 1.97504 0.0197504 33300 -11.6716 -4.29538 7.13348 28586 21741.5 49572.4 -2.36435 -5.9869 -18.5765 0.823947 0.299468 2.3962
  226 56.375 1.93968 0.0193968 34466.2 -9.83293 -3.07706 6.42575 29622.8 22306 51469.9 -19.8659 -19.5395 -16.1775 -12.5892 -0.504522 2.38876
  227 56.625 2.03174 0.0203174 34034.9 -4.65519 2.09971 6.52599 28866.5 22375.7 50862.6 -5.92142 -18.7389 -17.6166 1.49576 3.98362 1.38572
  228 56.875 1.92536 0.0192536 35136.3 -7.28296 -2.42927 5.74758 29692.2 24125 51591.8 -8.78163 -9.60971 -7.28748 -1.84678 -3.02655 0.813212
  229 57.125 1.78117 0.0178117 37060.3 -12.1574 -6.15376 3.66366 30286.4 25966.2 54928.4 -17.1829 -17.5383 -17.1825 2.35168 6.16509 -2.69268
  230 57.375 1.86462 0.0186462 35515.4 -7.38055 0.854457 10.1018 29965.7 24255.2 52325.1 -29.1148 -18.2926 -4.95706 -11.2162 4.80534 2.88732
  231 57.625 1.91999 0.0191999 36108.6 -9.58918 7.59861 8.32494 29902.6 25496.3 52926.8 -7.73454 -26.1269 -15.3775 -0.724812 0.497696 1.12348
  232 57.875 1.95335 0.0195335 36510.2 -6.82122 9.22747 11.7376 28097.6 26122.1 55310.8 -6.72882 -8.90838 -17.3626 1.88482 1.95703 -4.12105
  233 58.125 1.91935 0.0191935 37262.3 -7.73978 2.02309 10.7573 27049.5 25263.7 59473.8 -13.4115 -15.0805 -13.6976 -0.229695 2.41602 -6.88237
  234 58.375 1.96111 0.0196111 36926.1 -5.07596 8.44203 15.0543 26846 25518.3 58414 -4.11624 -6.98706 -11.8927 0.240579 2.70138 -5.9721
  235 58.625 1.99554 0.0199554 31464.6 -7.78364 6.18878 2.07226 27578.8 25389.7 41425.4 -5.02528 -9.26541 -9.43654 -0.116672 2.20082 -4.08859
  236 58.875 1.99573 0.0199573 32070.2 -9.35124 1.53172 -3.58239 27217.1 24531.8 44461.7 -4.66602 -11.6647 -6.06911 3.47229 0.042365 -4.32706
  237 59.125 1.84872 0.0184872 31649.4 -7.72679 3.03896 3.16359 26975.1 25055 42918.2 -7.02102 -7.9057 -6.47603 1.55126 -1.09217 -1.95843
  238 59.375 1.75074 0.0175074 32774.8 -4.22472 1.3366 1.04954 29005.4 24814.8 44504.3 -18.2072 -9.19346 -11.7431 -1.02407 -4.60416 -5.19589
  239 59.625 1.83342 0.0183342 34546.7 5.42504 -1.20427 -3.5611 30637 26407.8 46595.4 -13.5659 -13.035 -18.9996 3.34349 2.67471 3.13741
  240 59.875 1.81336 0.0181336 33788.9 0.46708 1.01815 1.23475 30120.7 25648.1 45598.1 -2.10055 -1.25167 -8.22392 -0.971613 -0.725493 -1.76674
  241 60.125 1.63091 0.0163091 36077.5 1.27884 -4.51347 -6.16439 32292.9 26260 49679.8 -11.3983 -13.8152 -14.3533 -5.81784 6.29435 0.00720973
  242 60.375 1.71313 0.0171313 36449.9 -4.30006 -0.276127 -4.63881 33129.5 26217.1 50003.1 -8.29605 -38.899 -9.26682 -5.69319 -6.74914 -9.54357
  243 60.625 1.73045 0.0173045 37124 -12.2282 2.85434 -6.73427 32246.1 27739.6 51386.3 -11.2349 -19.2986 -11.7722 -1.96636 4.05577 5.35198
  244 60.875 1.65673 0.0165673 38248.1 -7.3673 7.09934 -5.04784 34006.4 29359.4 51378.7 -11.4178 -16.4828 -15.8495 3.56812 -0.591068 2.77787
  245 61.125 1.7162 0.017162 36911.7 2.7322 -5.27274 11.0721 28591.1 33963.7 48180.3 -6.95426 -28.8116 -9.915 5.94116 -2.02154 -9.93323
  246 61.375 1.70658 0.0170658 35571.2 -2.11197 2.45992 7.57273 31675.4 25510.8 49527.4 -9.66655 -9.7404 -22.364 6.86172 -2.80862 0.541149
  247 61.625 1.62916 0.0162916 36635.5 -9.68919 7.92255 4.9863 30613.2 27333.1 51960.1 -8.08876 -14.4294 -17.1377 -1.29166 1.59422 -0.338843
  248 61.875 1.49936 0.0149936 37067.6 -12.0313 15.7621 7.54987 31139.1 25973 54090.7 -5.04182 -3.32314 -31.3197 -1.94491 -2.08415 -3.69346
  249 62.125 1.5076 0.015076 35996.2 -3.48812 15.4041 11.8545 30737.9 24102 53148.6 -12.9732 -2.56274 -7.28277 0.146198 1.10137 1.19668
  250 62.375 1.5164 0.015164 37025.8 -4.32434 15.2802 9.78786 33698.5 24293 53085.8 -11.9668 -15.082 -11.8816 -12.625 -4.74685 -4.48662
  251 62.625 1.63072 0.0163072 37101 -7.66696 17.0108 9.38071 33589.1 25133 52580.8 -6.30423 -6.36229 -3.70191 1.59067 -1.7769 -3.36259
  252 62.875 1.7203 0.017203 36470.6 -5.22846 15.8344 9.46163 33776 23240.1 52395.6 -10.8121 -12.2062 -7.05767 4.642 -4.70264 1.31758
  253 63.125 1.44277 0.0144277 37265.4 -10.6196 10.8001 4.56014 31860.9 23338.2 56597.2 -3.76984 -5.70522 -7.79667 3.37725 -4.11611 6.65011
  254 63.375 1.34689 0.0134689 38044.2 -15.2187 10.5922 9.937 30239.7 23352.3 60540.6 -0.247434 -0.19243 -0.617476 -0.215811 -0.390762 -0.342057
  255 63.625 1.52126 0.0152126 38340.7 -18.4739 9.56517 5.93275 32006.7 21656.9 61358.4 -7.28711 -2.48544 -3.25863 -0.618394 2.64742 2.58272
  256 63.875 1.31054 0.0131054 40859.5 -15.6412 2.53548 0.943291 32560.4 24254.2 65763.8 -14.4884 -2.73719 -10.8912 4.57057 -5.75793 1.35067
  257 64.125 1.25354 0.0125354 40700.8 -20.8593 6.49412 5.42285 33076.5 23989.7 65036.4 -1.7129 -1.17557 -2.94164 -0.216253 1.25791 1.67372
  258 64.375 1.2904 0.012904 40821.7 -18.7954 6.00097 6.13377 33048 23767.3 65649.8 -2.74913 -3.35266 -10.1858 -1.94179 -0.730425 1.00942
  259 64.625 1.29316 0.0129316 41569 -17.8522 3.16351 7.4469 33884.1 24701.6 66121.3 -13.8289 -6.80759 -20.6885 -5.56866 13.7364 7.9612
  260 64.875 1.40237 0.0140237 41043.5 -13.5528 -4.52886 16.1527 33559.7 24480.3 65090.4 -38.6119 -13.4208 -25.3343 4.40106 21.6336 7.17978
  261 65.125 1.30847 0.0130847 41903.6 -15.6834 3.48394 12.367 35416.6 23967 66327.3 -19.5081 -12.3619 -12.5482 3.56676 7.44185 -3.38905
  262 65.375 1.28135 0.0128135 42945.3 -9.21751 2.05391 7.01279 35701.2 25783.1 67351.7 -16.8478 -32.6476 -8.38972 -6.25688 -5.59128 -9.51371
  263 65.625 1.3112 0.013112 43907.9 -2.46765 3.62989 5.53276 35009.8 28283.6 68430.2 -16.5689 -22.9972 -6.86499 -4.73912 0.417224 -6.54998
  264 65.875 1.28185 0.0128185 44403.6 -11.33 11.758 8.21224 36208.2 29245.1 67757.6 -10.0692 -12.2399 -5.83227 -5.3584 4.3717 2.44042
  265 66.125 1.39119 0.0139119 43823.1 -16.2321 1.92553 10.1001 35740.5 29637.2 66091.4 -4.31522 -1.71661 -3.74903 -2.5396 3.16457 1.31604
  266 66.375 1.24821 0.0124821 44916.7 -18.0658 9.86846 5.87585 37094.2 27680.2 69975.7 -5.28654 -8.64959 -7.89462 -4.81185 -2.74654 -3.29445
  267 66.625 1.22307 0.0122307 44508.7 -19.5723 11.1796 9.20866 37414 27230 68882.1 -81.0766 -33.9573 -20.1775 -12.0189 11.9842 -10.8402
  268 66.875 1.23431 0.0123431 43561.9 -6.98277 10.2279 6.19549 35893.6 25161.6 69630.5 -42.0661 -29.836 -20.8073 -7.5154 19.7228 5.30281
  269 67.125 1.1511 0.011511 46000.2 -10.4482 8.29404 4.61555 34328.2 27026.1 76646.4 -0.793407 -0.542944 -0.561103 -0.431651 0.570765 0.0952718
  270 67.375 1.12907 0.0112907 47334.5 -13.2253 13.3806 3.95007 34582.6 28338.7 79082.1 -2.86568 -2.90793 -3.36939 2.88005 -3.07656 3.12186
  271 67.625 1.08772 0.0108772 47726.9 -15.1822 6.4223 8.09066 36061.3 27691.2 79428.1 -10.1049 -11.2894 -5.40545 1.42888 -5.84919 4.81177
  272 67.875 1.18755 0.0118755 46881.6 1.38644 8.64848 10.0252 33785.6 27549.4 79309.7 -7.66305 -9.47255 -17.5356 3.41995 2.54286 5.72655
  273 68.125 1.19194 0.0119194 47037.5 4.50663 11.9478 2.82077 34790.1 27640.6 78681.7 -5.4269 -4.51001 -13.3713 1.34686 2.64867 2.06573
  274 68.375 1.08255 0.0108255 48300.6 -12.1803 15.9915 4.02872 35089.4 29878.4 79934.1 -7.73066 -5.63103 -38.575 -1.83192 6.71759 14.2709
  275 68.625 0.987278 0.00987278 49385.4 -15.0897 16.6432 7.21933 35479.5 30335.9 82341 -5.83151 -3.06939 -11.78 3.30579 -6.21697 5.3451
  276 68.875 0.9481 0.009481 49409.7 -1.25918 7.57737 14.1944 35098.8 30378.4 82751.9 -0.584721 -0.0130133 -0.591222 -0.0871428 -0.587692 -0.0874663
  277 69.125 1.01945 0.0101945 49712.5 2.18591 2.05295 18.6206 36104.2 30263.7 82769.6 -11.7753 -4.43183 -10.1957 0.684612 -10.2544 2.49833
  278 69.375 1.04216 0.0104216 50365.8 -4.07892 3.53885 17.9779 36573.4 32537.9 81986.3 -20.6137 -3.03652 -13.0833 -1.37982 -16.2484 -0.903181
  279 69.625 0.998006 0.00998006 50423.1 -4.70438 17.519 21.7567 37738.4 31956.8 81574.1 -4.52872 -0.410014 -2.30335 1.36065 -3.22974 0.970403
  280 69.875 0.995334 0.00995334 52105.4 -10.4184 14.9647 5.21039 39362.1 31729.3 85224.7 -35.4364 -5.82413 -33.2643 0.34053 -4.32496 10.3689
  281 70.125 0.999402 0.00999402 53126.6 -14.4062 17.7259 4.66726 40394.7 32447.8 86537.4 -11.5792 -0.245116 -6.38016 -1.1537 0.685621 0.382527
  282 70.375 0.953054 0.00953054 51231.7 -14.2864 14.9007 12.6327 36679.4 31899.5 85116.2 -2.73798 -9.628 -20.4677 -0.922732 -4.69626 5.03195
  283 70.625 0.961816 0.00961816 52892.7 -12.454 7.18854 9.13905 38279.4 32971.1 87427.7 -10.0891 -9.26551 -7.59584 -2.68385 -1.85785 -2.84272
  284 70.875 0.934352 0.00934352 54172.5 -23.6613 13.0941 1.80878 39657.8 32542.8 90316.9 -1.99924 -9.65095 -2.25314 -3.42065 -0.0960017 2.74418
  285 71.125 0.891876 0.00891876 52664.7 -13.3723 11.5039 2.56228 37647.7 32264.2 88082.2 -11.0647 -5.59219 -1.88546 7.2857 -0.0893178 -1.16075
  286 71.375 0.950308 0.00950308 53975.2 -14.606 16.1713 3.23919 39753.4 33312.2 88860.1 -1.33112 -0.00663699 -1.93463 -0.0489207 -0.502404 0.0690821
  287 71.625 0.94264 0.0094264 53897.5 -17.0835 14.7797 6.23242 39791.9 33871.9 88028.6 -3.79977 -0.18637 -4.01703 -0.565708 -0.99749 0.234002
  288 71.875 0.95781 0.0095781 48777.3 -7.90856 17.1451 -1.72298 40569.1 31616.8 74146 -2.13778 -0.243194 -1.67067 -0.664149 1.66861 0.407437
  289 72.125 0.88679 0.0088679 49789.5 -3.77947 13.7427 -11.0119 40082.3 33831.2 75454.9 -0.838704 -3.42819 -1.37181 -1.69157 -1.06936 -2.16852
  290 72.375 0.877862 0.00877862 49912.6 -7.9443 20.9547 -8.99017 39818.8 35404.5 74514.4 -14.0124 -5.53155 -4.12755 -6.54111 4.83019 1.0577
  291 72.625 0.884536 0.00884536 49384.5 -4.58292 29.5016 -5.35705 39256.1 34796.5 74101 -12.3098 -8.05276 -4.84145 -7.09143 4.84196 0.812907
  292 72.875 0.979852 0.00979852 46709 -6.36546 29.0269 7.08792 35877.6 35391.9 68857.4 -9.98131 -11.8512 -6.85391 -8.40499 3.49516 -0.762989
  293 73.125 0.930802 0.00930802 48202.8 -6.9585 33.7767 6.46595 37640.8 34547.7 72419.9 -0.00106375 -1.89702 -1.7818 -0.0153208 -0.0151162 -1.83847
  294 73.375 0.858896 0.00858896 51307.6 -11.4488 26.5775 -7.28064 39638.1 33339.4 80945.3 -6.49656 -0.72654 -3.95364 2.14603 5.06671 -1.66763
  295 73.625 0.8535 0.008535 53918 -9.27357 16.849 -9.82069 40099.2 35975.9 85679 -14.6736 -0.803091 -3.61663 1.12143 4.43423 -1.5786
  296 73.875 0.772478 0.00772478 56137 -12.3168 10.2957 -19.1444 42451.7 36124.6 89834.6 -0.658222 -0.121954 -0.246551 -0.114634 0.370449 0.00222552
  297 74.125 0.784414 0.00784414 56912.2 -16.8245 6.4877 -14.8532 43437.5 37134 90164.9 -1.20439 -8.08013 -11.6061 1.68787 2.7251 -8.73014
  298 74.375 0.730726 0.00730726 57563.2 -14.4758 8.761 -19.6913 44493.1 38454.5 89742.1 -13.2129 -16.214 -4.3674 -1.79505 -6.42808 -4.50172
  299 74.625 0.702306 0.00702306 57478.9 -15.477 18.0843 -20.3077 44961.1 37703.7 89771.9 -26.1787 -27.6606 -16.2236 5.18025 -9.08467 -9.94852
  300 74.875 0.704966 0.00704966 57379.9 -9.25771 20.068 -20.9312 45281.4 36662.1 90196.2 0 0 0 0 0 0
  301 75.125 0.643116 0.00643116 60701.4 -1.23091 16.991 -29.0079 46856.4 36651 98596.7 0 0 0 0 0 0
  302 75.375 0.699834 0.00699834 61478.6 -2.75105 27.5704 -29.2698 49380.2 37800 97255.5 -0.10278 -0.0494396 -4.49234 0.0581055 0.656893 -0.441202
  303 75.625 0.702534 0.00702534 59042.3 -8.84623 21.6007 -16.9248 49426.8 37390.4 90309.7 0 0 0 0 0 0
  304 75.875 0.635872 0.00635872 62008.5 -7.06726 14.7323 -22.3087 52643.2 38678.7 94703.7 -0.162037 -0.0779439 -7.08238 0.0916061 1.03562 -0.695577
  305 76.125 0.622958 0.00622958 60195.9 -14.5644 6.76252 -15.4604 46724.5 37165.7 96697.4 -3.96726 -78.3716 -1.18662 17.566 2.08059 -9.45046
  306 76.375 0.647888 0.00647888 58304.3 -13.6625 6.78541 -0.66261 42747.1 36159.1 96006.7 -4.97454 -0.0059002 -0.356787 0.0825447 -1.33178 0.0210532
  307 76.625 0.688354 0.00688354 57799.3 -10.2763 4.18504 -4.46956 41520.6 35582.6 96294.7 0 0 0 0 0 0
  308 76.875 0.693448 0.00693448 56907.3 -11.659 9.22006 1.88317 42681.1 34904.1 93136.9 0 0 0 0 0 0
  309 77.125 0.804236 0.00804236 56271.3 -22.2744 7.21815 -2.78558 42846.8 33964 92003.1 -4.30765 -0.0522569 -10.725 0.464887 6.79142 -0.739011
  310 77.375 0.73428 0.0073428 57568.3 -8.99605 6.87622 -4.31272 42860.7 34866.1 94978.1 -6.4222 -0.0378534 -2.82501 0.491759 4.25829 -0.326614
  311 77.625 0.663422 0.00663422 59868.9 -11.3399 14.9221 -8.12367 42318.5 38995.4 98292.7 -11.6269 -0.107081 -17.7845 1.08406 13.3558 -1.33735
  312 77.875 0.662566 0.00662566 61859.7 -12.3796 15.6245 -3.76391 46506.4 40775 98297.5 0 0 0 0 0 0
  313 78.125 0.728386 0.00728386 64154.9 -14.8097 12.2958 -0.937751 49378.9 41499.2 101587 0 0 0 0 0 0
  314 78.375 0.692686 0.00692686 63802.8 -22.3101 14.7966 -6.60568 51197.5 40353.6 99857.2 -0.40165 -0.000875862 -1.44526 -0.00121084 0.761365 0.000967669
  315 78.625 0.62331 0.0062331 65638 -21.101 0.464494 -13.6531 51936.8 39513.3 105464 -0.279837 -0.00061023 -1.00694 -0.000843615 0.530457 0.000674193
  316 78.875 0.611708 0.00611708 67034.4 -18.5006 1.51134 -9.05213 53171 44041.6 103891 0 0 0 0 0 0
  317 79.125 0.626568 0.00626568 69694 -14.9165 -2.28787 -19.3014 53644 46203 109235 -0.737696 -4.89647 -4.02489 1.87981 -1.71137 4.4372
  318 79.375 0.574068 0.00574068 64121.2 -21.1035 7.86071 -4.89094 49648.7 41179.4 101535 -0.766061 -5.08475 -4.17965 1.95209 -1.77718 4.60782
  319 79.625 0.57029 0.0057029 69875.2 -12.3242 8.17244 -18.6134 56468.5 43633.4 109524 0 0 0 0 0 0
  320 79.875 0.617904 0.00617904 67451.5 -11.1005 17.8374 -11.1925 54930 41465.7 105959 0 0 0 0 0 0
  321 80.125 0.577634 0.00577634 68714 -11.8659 11.7142 -5.86835 58488.9 41417.4 106236 0 0 0 0 0 0
  322 80.375 0.585744 0.00585744 69831 -28.9479 5.20876 -1.76874 63716.4 39982.3 105794 0 0 0 0 0 0
  323 80.625 0.576292 0.00576292 64915.9 -3.32338 7.49972 -0.69251 49999.1 41188.7 103560 -1.06435 -14.3583 -1.72942 -3.07314 -1.30722 -4.11363
  324 80.875 0.665002 0.00665002 64043.5 -2.80555 3.83309 3.98573 48384.5 42503.1 101243 -7.6922 -22.2818 -16.8031 6.83885 1.25934 14.8666
  325 81.125 0.593784 0.00593784 70305 -1.54524 8.74272 -5.04841 58162.1 43730.2 109023 -9.49208 -22.1945 -19.0793 6.27773 4.19297 14.3296
  326 81.375 0.602832 0.00602832 65442.6 -10.8472 3.84587 5.98954 49848.8 41952.6 104526 0 0 0 0 0 0
  327 81.625 0.531314 0.00531314 68434.5 -7.24012 9.48581 8.32359 51971.6 44493 108839 -1.842 -0.321231 -1.69987 -0.768297 1.76946 0.737781
  328 81.875 0.568094 0.00568094 66637.1 -1.141 0.866603 8.57577 51420.3 41247.4 107244 -1.59257 -0.277732 -1.46968 -0.664258 1.52985 0.637875
  329 82.125 0.545476 0.00545476 68456.6 -4.55279 8.33563 -1.96417 51450.8 44155.5 109763 0 0 0 0 0 0
  330 82.375 0.601138 0.00601138 70699.3 -2.72844 16.8961 -2.19173 53256.5 47922.8 110919 -1.0518 -0.548302 -9.76233 0.712281 3.17789 -2.25501
  331 82.625 0.507446 0.00507446 78992.6 -17.8945 9.63953 -15.3838 65611.8 52242.8 119123 -1.02259 -0.146196 -5.72816 0.193516 2.36305 -0.613679
  332 82.875 0.477118 0.00477118 79298.7 -16.0537 13.71 -22.2588 65951.7 50955.3 120989 -1.21716 -0.753341 -11.9418 0.882177 3.76791 -2.9088
  333 83.125 0.482136 0.00482136 71902.2 -3.41136 8.54705 -12.6978 53470 47360.9 114876 -1.77501 -0.0192727 -8.47413 0.184951 3.87231 -0.4033
  334 83.375 0.492536 0.00492536 74355.8 -16.8905 12.5964 -18.6311 53819.4 49499.1 119749 -6.63743 -1.64245 -0.673862 2.99909 0.970757 -0.822127
  335 83.625 0.509994 0.00509994 76856.3 -23.876 17.0622 -21.9861 64039.2 44954.5 121575 -0.00694765 -0.267457 -0.550229 -0.0411939 -0.0597125 -0.383361
  336 83.875 0.537188 0.00537188 72974.5 -17.7217 13.196 -7.42725 62193.2 42001.9 114728 -7.42277 -10.9909 -6.98725 -9.01617 7.19991 8.75721
  337 84.125 0.597738 0.00597738 69347.9 -10.8577 2.54187 6.27517 54390.2 46511.2 107142 -3.34867 -4.51731 -4.71012 -3.23247 1.89309 4.07337
  338 84.375 0.626036 0.00626036 73255 -28.8053 14.9084 -9.15248 59208.5 48647.5 111909 -0.676616 -0.322487 -3.03191 0.466981 -1.43201 0.987859
  339 84.625 0.585164 0.00585164 72166.4 -4.32444 20.0421 -6.81255 53978.3 49547.6 112973 -0.0149694 -0.00639567 -0.0729393 0.0097846 -0.0330432 0.0215981
  340 84.875 0.473132 0.00473132 78765 -5.24487 10.9071 -14.034 64004.4 51588.8 120702 0 0 0 0 0 0
  341 85.125 0.50214 0.0050214 78663 -0.943856 16.2232 -8.41782 57483.8 49106.9 129398 0 0 0 0 0 0
  342 85.375 0.479652 0.00479652 75966.5 7.43563 4.43113 7.31414 50360.6 46264.8 131274 -29.9507 -1.45157 -1.16006 -6.27549 5.86312 1.26949
  343 85.625 0.499918 0.00499918 80587 -2.47914 7.02648 2.2599 59954.8 47050.1 134756 -26.2766 -1.2735 -1.01775 -5.50567 5.14389 1.11376
  344 85.875 0.510224 0.00510224 78370.9 -7.38954 20.5546 4.9584 52955.5 47946.5 134211 -0.282224 -4.27828 -0.186136 -1.0981 -0.229063 -0.892379
  345 86.125 0.51184 0.0051184 70952.9 2.56007 22.4821 -18.2823 55153 50592.4 107113 -0.223147 -3.38274 -0.147173 -0.868243 -0.181114 -0.705582
  346 86.375 0.507778 0.00507778 71113.6 4.9625 19.6744 -18.0867 53446.5 49276.3 110618 -11.5393 -48.9279 -9.30624 -2.84679 -8.60448 -12.4642
  347 86.625 0.495224 0.00495224 70831.5 7.7052 21.5184 -21.0138 52506 50905.6 109083 -24.3876 -17.0584 -15.6926 1.34858 -18.7395 -2.93482
  348 86.875 0.483008 0.00483008 68151.2 1.47492 22.6727 -10.9499 49137.2 48102.8 107214 -30.2988 -5.25001 -14.8657 12.5297 -20.9265 8.82199
  349 87.125 0.512066 0.00512066 70678.2 4.62457 28.9406 -9.64147 49849.4 54858.9 107326 0 0 0 0 0 0
  350 87.375 0.523374 0.00523374 70322.9 0.908166 30.4118 -19.5184 51522.3 52544.7 106902 0 0 0 0 0 0
  351 87.625 0.532784 0.00532784 72828.3 0.393577 24.5039 -21.8394 57036.4 52904.1 108544 0 0 0 0 0 0
  352 87.875 0.548286 0.00548286 75221.7 5.63128 15.4775 -0.351622 61276.7 53008.7 111380 0 0 0 0 0 0
  353 88.125 0.618614 0.00618614 73978.6 1.58331 2.18858 4.99 60126.5 52120.8 109689 0 0 0 0 0 0
  354 88.375 0.510982 0.00510982 70225.9 1.61342 2.10443 7.76138 55609.6 47244.3 107824 0 0 0 0 0 0
  355 88.625 0.500938 0.00500938 67258.6 -4.50689 0.526815 2.7893 51528.4 40825 109422 -0.0232513 -22.9237 -3.58927 0.410022 -0.150666 9.06049
  356 88.875 0.503574 0.00503574 67301.2 -13.2949 5.09329 6.55971 51176.2 42012.4 108715 -0.0817638 -80.6118 -12.6217 1.44185 -0.529821 31.8614
  357 89.125 0.51409 0.0051409 66583.8 2.65038 0.207052 13.4547 51274.5 43072.5 105404 0 0 0 0 0 0
  358 89.375 0.505714 0.00505714 68078.5 -0.922362 -3.01587 14.4319 52187.5 46038.3 106010 -0.538883 -14.3372 -1.75876 2.44022 0.818608 -5.0083
  359 89.625 0.460168 0.00460168 68467.8 -5.56026 3.96946 9.08977 53153.7 45753.6 106496 4.95949e-06 0.00314919 0.000521051 0.000124974 5.08345e-05 0.00128097
  360 89.875 0.498704 0.00498704 70834.8 -13.2952 12.6853 -2.66714 52057.6 50724.5 109722 -0.416494 -1.37584 -3.21476 0.756774 -1.15712 2.10235
  361 90.125 0.493292 0.00493292 74552.6 -20.3693 4.5294 -17.0133 57378.2 49203.2 117077 -2.37263 -13.5837 -9.03721 -2.29277 -0.896134 9.01681
  362 90.375 0.486626 0.00486626 74728.8 -9.1657 3.73133 -11.3339 59347.2 52269.1 112570 -2.32588 -16.4526 -12.7847 -1.33579 -1.47204 12.754
  363 90.625 0.47768 0.0047768 74932 -11.0524 7.432 -6.23552 59955.7 53896.6 110944 -0.026777 -3.9662 -1.82551 0.243587 -0.168691 2.69003
  364 90.875 0.459842 0.00459842 75669.4 1.04276 1.01204 -4.86126 62284.8 52587.9 112135 -39.2523 -6.27835 -2.03499 -6.15297 1.22742 3.00406
  365 91.125 0.531054 0.00531054 72364.6 -0.613469 -2.23489 1.31939 54604.3 54391.2 108098 -0.190292 -10.6273 -1.49145 1.42097 -0.530839 3.97717
  366 91.375 0.49588 0.0049588 69354.7 -8.20177 -6.02691 7.85643 47627.8 51754.2 108682 -0.33816 -16.8173 -4.43484 1.91417 -0.455659 7.35945
  367 91.625 0.493096 0.00493096 70221.8 1.99115 -13.3062 -1.36074 47670.7 49888.4 113106 -0.0670518 -1.13088 -2.78091 -0.271521 0.429328 1.7702
  368 91.875 0.509804 0.00509804 69549.3 -7.95518 1.23527 -2.79446 49308.3 46007.1 113333 0 0 0 0 0 0
  369 92.125 0.49374 0.0049374 70857.8 -7.62767 -12.5928 -7.90287 52576.3 42460.4 117537 0 0 0 0 0 0
  370 92.375 0.52135 0.0052135 70277.3 -1.37823 -17.5571 1.87859 52799.6 43711.9 114320 -11.8365 -4.84954 -0.0232524 -7.55763 0.519847 0.328748
  371 92.625 0.430616 0.00430616 73858.9 -11.8833 -5.2458 -16.0276 57056.6 42739.6 121781 -0.00351721 -0.0010474 -1.11184e-05 -0.00191936 0.000197752 0.000107914
  372 92.875 0.484968 0.00484968 68948.1 -22.8157 -2.16883 6.33307 55397.2 39777.5 111670 -5.33642 -8.30332 -57.2961 4.60437 -3.11433 18.038
  373 93.125 0.447174 0.00447174 75405.4 -20.1925 -3.08145 -6.15647 55909.5 51588.7 118718 -66.3615 -19.9952 -29.6605 34.2439 23.3153 -5.57289
  374 93.375 0.460036 0.00460036 76788.7 -21.5671 2.6161 -8.72636 58559.1 48030.9 123776 -0.142053 -1.25309 -11.428 0.416886 -1.26573 3.78126
  375 93.625 0.462228 0.00462228 76678.6 -21.6407 2.95732 -6.64996 58444 50902 120690 -2.36048 -0.868287 -7.3069 -0.588216 1.70227 -1.63141
  376 93.875 0.428242 0.00428242 76969.9 -8.35016 -5.00004 6.35252 59863.3 47804.2 123242 -4.51343 -2.82069 -4.04637 -3.47546 -3.48567 -3.08804
  377 94.125 0.419138 0.00419138 84590.4 9.85957 -9.81962 -8.99965 73116.8 50526.4 130128 -0.867779 -0.0823125 -4.78242 0.266467 2.01884 -0.61345
  378 94.375 0.420064 0.00420064 85430.9 -7.9836 4.64026 -3.93165 67661.8 52093.2 136538 -4.49266 -5.40022 -0.736266 4.90519 0.015668 0.164007
  379 94.625 0.443498 0.00443498 81186.3 -7.79122 15.3055 2.05117 65718.2 50280.6 127560 -0.114871 -0.14388 -6.00691 -0.122656 -0.811823 -0.925834
  380 94.875 0.482516 0.00482516 81982.9 -6.96318 9.75691 0.358439 65740.4 52762.6 127446 0 0 0 0 0 0
  381 95.125 0.444744 0.00444744 79574.4 -13.1014 24.7536 6.87896 64999.1 48084.6 125639 -0.1683 -0.2108 -8.80082 -0.179705 -1.18942 -1.35645
  382 95.375 0.428086 0.00428086 81354.9 -21.6226 8.90101 13.4083 68230.7 50858.9 124975 0 0 0 0 0 0
  383 95.625 0.449174 0.00449174 83311.4 -24.3764 6.96621 1.14508 64853.2 53271.3 131810 -0.717617 -2.74716 -11.0439 1.3215 2.542 -5.48085
  384 95.875 0.43703 0.0043703 92277.5 -27.5283 4.42096 -20.2145 65286.8 50403.3 161142 -0.61694 -1.22617 -0.538035 0.869299 -0.575883 0.812231
  385 96.125 0.433978 0.00433978 87579.7 -32.5803 5.0344 6.10133 73388.1 56015.8 133335 -29.5234 -27.7073 -73.5266 -3.48436 15.6195 -17.854
  386 96.375 0.425802 0.00425802 88011.7 -22.7667 -2.73303 -3.99914 70357.6 55572.4 138105 -13.3836 -5.06589 -7.90085 -5.77337 0.893168 3.70053
  387 96.625 0.369126 0.00369126 91793.1 -1.80325 -9.09272 -12.1745 70233.3 62424.7 142721 0 0 0 0 0 0
  388 96.875 0.351498 0.00351498 80358.8 9.57393 -9.16154 -31.0195 63500.1 53717.1 123859 0 0 0 0 0 0
  389 97.125 0.330704 0.00330704 88868.7 1.46578 -5.65238 -39.9427 74114.9 60878.3 131613 0 0 0 0 0 0
  390 97.375 0.360078 0.00360078 86657.4 -4.69804 7.2854 -24.8003 75568.5 57222.4 127181 0 0 0 0 0 0
  391 97.625 0.426714 0.00426714 83008.6 6.05876 -7.56443 -0.958884 76024.2 57575.7 115426 0 0 0 0 0 0
  392 97.875 0.357586 0.00357586 77205.4 8.2249 8.51138 3.30407 74059.6 41850.3 115706 0 0 0 0 0 0
  393 98.125 0.319346 0.00319346 86419.8 0.941649 -9.18874 9.55149 73617 45942 139700 0 0 0 0 0 0
  394 98.375 0.286594 0.00286594 88301 17.6078 -4.52429 8.89613 70324.3 48072.5 146506 0 0 0 0 0 0
  395 98.625 0.317674 0.00317674 87824.3 10.3198 -2.2848 11.5596 66986 48139.7 148347 0 0 0 0 0 0
  396 98.875 0.309642 0.00309642 95589.9 19.967 8.77361 -16.5274 69375.4 52446.2 164948 -0.371172 -2.74173 -2.54208 -1.00527 0.967671 2.64
  397 99.125 0.284204 0.00284204 87683.2 12.148 12.8027 0.840029 62496.7 47635.3 152918 -2.5323 -90.0898 -20.6605 6.24096 7.16649 -21.1984
  398 99.375 0.316552 0.00316552 86589.5 19.5574 9.21929 0.380555 58561.8 46380.1 154827 -0.0109386 -1.23453 -0.183118 0.116186 0.0447469 -0.475463
  399 99.625 0.364152 0.00364152 89238.6 11.3287 5.68277 0.578708 61793.6 46186 159736 0 0 0 0 0 0
  400 99.875 0.261432 0.00261432 90138.4 9.20438 10.7928 -6.14714 59996.7 46447.9 163971 0 0 0 0 0 0
  401 100.125 0.268726 0.00268726 90487.7 5.97729 10.6069 7.23859 64198.8 48648.8 158615 -8.10777 -2.84409 -7.00384 2.02556 7.3649 -1.05765
  402 100.375 0.281362 0.00281362 92261.7 3.31016 4.78525 -7.7728 67195.5 47980.1 161609 -15.5932 -11.4416 -19.2913 6.99809 13.0034 -4.45175
  403 100.625 0.30545 0.0030545 90103.9 13.2141 6.00093 -1.87126 63447.8 46570.3 160294 -45.9226 -1.93546 -38.5692 5.98536 14.1075 -7.30647
  404 100.875 0.276648 0.00276648 87196.5 17.1444 12.3223 8.35795 65851.8 43318.9 152419 -29.1661 -0.272723 -11.9341 2.5053 -18.6566 1.60498
  405 101.125 0.289842 0.00289842 90912.2 18.5911 3.50363 -2.34143 68823.9 46843.8 157069 0 0 0 0 0 0
  406 101.375 0.32687 0.0032687 88479.9 14.2773 1.90665 12.639 67317.6 45323.3 152799 -2.43586 -0.102509 -3.3088 -0.485227 2.81277 0.541441
  407 101.625 0.32647 0.0032647 89401.4 19.1803 16.2134 9.55082 73607.1 45245.9 149351 -7.38974 -0.347235 -9.18621 -1.57808 8.1913 1.71624
  408 101.875 0.332084 0.00332084 91735.1 10.233 13.0893 4.07791 66741.5 53463.9 155000 -1.74368 -0.0245372 -3.51621 -0.20448 2.47407 0.288334
  409 102.125 0.301668 0.00301668 96172 9.39204 18.8659 -3.323 72211.8 55943 160361 -13.5413 -6.42691 -21.7301 9.32563 -16.823 11.647
  410 102.375 0.245406 0.00245406 101665 18.6571 17.1225 -4.42637 87829.6 54022.1 163143 -6.0507 -2.7501 -6.67083 4.07898 -6.32518 4.26836
  411 102.625 0.255026 0.00255026 97361.5 5.62934 10.4552 11.8058 80740.1 53639.7 157705 -7.70775 -3.82754 -16.5983 5.43068 -11.2346 7.93209
  412 102.875 0.284466 0.00284466 99996.5 23.7252 15.0743 17.0512 93093.9 53340.5 153555 -9.98841 -7.01902 -2.46481 8.36475 4.72243 -3.89776
  413 103.125 0.270094 0.00270094 101320 -13.4387 38.8407 6.29524 77839.2 56873.2 169247 -13.5689 -15.7466 -7.73875 10.3428 3.73387 -9.67518
  414 103.375 0.233636 0.00233636 98509.1 -33.3565 16.3437 14.8424 70028.9 58271.4 167227 -1.30266 -8.53331 -2.95617 -3.22836 -1.65237 -4.77032
  415 103.625 0.234528 0.00234528 86976 -25.0867 18.0811 10.1526 66465.1 54616.9 139846 -1.96163 -13.579 -6.07605 -4.97758 -2.83185 -8.55409
  416 103.875 0.23982 0.0023982 95290.7 -22.4968 22.8313 2.27228 78547.6 60025 147300 0 0 0 0 0 0
  417 104.125 0.246692 0.00246692 93076.7 -20.1528 17.9585 8.96992 83365.6 53423.8 142441 0 0 0 0 0 0
  418 104.375 0.257038 0.00257038 93289.4 -29.6029 21.0118 9.60809 84419.9 52517.9 142930 0 0 0 0 0 0
  419 104.625 0.286876 0.00286876 87023.8 -23.0124 13.6422 21.1894 76094.2 49072.3 135905 0 0 0 0 0 0
  420 104.875 0.258096 0.00258096 85623 -32.1584 21.6604 18.7942 74039.2 46150.7 136679 0 0 0 0 0 0
  421 105.125 0.267264 0.00267264 82345.3 -24.1489 22.2345 33.3121 71752.9 43247.7 132035 0 0 0 0 0 0
  422 105.375 0.247726 0.00247726 81872.2 -21.8577 19.3915 29.2816 71952.8 43117.2 130547 0 0 0 0 0 0
  423 105.625 0.271042 0.00271042 85012.4 -27.5526 23.6292 23.2534 75708.1 43646.7 135682 0 0 0 0 0 0
  424 105.875 0.25152 0.0025152 89475.3 -35.8613 26.6093 16.9279 82066.7 46899.3 139460 0 0 0 0 0 0
  425 106.125 0.252346 0.00252346 91177.3 -32.9508 38.8799 3.94731 81014.2 55132 137386 0 0 0 0 0 0
  426 106.375 0.282924 0.00282924 90947.2 -37.2283 29.4705 6.50123 77478.9 58397.5 136965 0 0 0 0 0 0
  427 106.625 0.249866 0.00249866 97572.9 -30.0879 10.0465 4.14411 88521.5 59282.4 144915 0 0 0 0 0 0
  428 106.875 0.276316 0.00276316 90441.4 -28.4428 15.2003 12.6594 80830.5 50357.9 140136 0 0 0 0 0 0
  429 107.125 0.24333 0.0024333 81823.8 -13.0565 17.4113 4.54183 57017.7 49525.1 138928 0 0 0 0 0 0
  430 107.375 0.25447 0.0025447 87725.9 -30.7774 16.7942 6.73232 77965.4 45058.3 140154 0 0 0 0 0 0
  431 107.625 0.28157 0.0028157 89585 -24.5243 6.60501 -6.57714 73535.4 47373.6 147846 -1.9942 -4.11392 -2.29005 2.864 -2.13583 3.06606
  432 107.875 0.28855 0.0028855 88107.1 -7.11015 3.49591 16.7969 65939.8 46312.6 152069 -1.8032 -3.7199 -2.07071 2.5897 -1.93127 2.7724
  433 108.125 0.248016 0.00248016 94946.5 -26.3131 19.4578 6.31835 72776 51767.3 160296 -1.19534 -16.9599 -18.7118 4.32091 4.67172 -17.667
  434 108.375 0.264812 0.00264812 94072.7 -31.3079 23.0792 11.5241 73223.9 53139.8 155854 -0.487609 -6.9247 -7.63715 1.76356 1.90627 -7.21221
  435 108.625 0.29604 0.0029604 90880.6 -34.4246 20.1434 19.7906 72516.7 49759.8 150365 -0.0302814 -4.50874 -1.38723 -0.264602 -0.138636 -2.49499
  436 108.875 0.30921 0.0030921 79138.6 -32.2598 21.3164 41.0553 59416.7 40058 137941 -2.16789 -10.5604 -15.5172 -3.68612 -5.61482 -11.4483
  437 109.125 0.275526 0.00275526 84598.1 -39.4077 20.9804 25.4836 62216.8 41114.9 150463 0 0 0 0 0 0
  438 109.375 0.25903 0.0025903 92961.8 -30.99 5.55348 8.18232 69142.3 50502.3 159241 -6.09755 -15.4127 -39.8201 -9.65214 -15.5701 -24.5558
  439 109.625 0.228734 0.00228734 92374.5 -32.2475 10.8161 11.0051 65746.1 50136.8 161240 0 0 0 0 0 0
  440 109.875 0.254698 0.00254698 92822.5 -34.3269 23.8109 14.6433 69112 52257.5 157098 -2.70059 -19.4643 -6.25839 -6.96294 -3.82312 -10.7575
  441 110.125 0.251742 0.00251742 94710.1 -20.2642 14.0303 10.7504 71929.7 52084.1 160117 -2.847 -26.3363 -8.49799 -8.43739 -4.5735 -14.5613
  442 110.375 0.241172 0.00241172 96891.5 -23.46 9.16164 18.8449 78011.5 51798.3 160865 0 0 0 0 0 0
  443 110.625 0.210336 0.00210336 92324.3 -15.7501 9.4779 9.86057 79251 51039.5 146682 0 0 0 0 0 0
  444 110.875 0.22937 0.0022937 88508.6 -23.6151 12.2462 12.6122 77512.4 45211.5 142802 0 0 0 0 0 0
  445 111.125 0.193962 0.00193962 98179.9 -28.0273 10.2632 14.2494 76738.4 51306.6 166495 0 0 0 0 0 0
  446 111.375 0.175668 0.00175668 101854 -31.9135 24.906 12.9015 79043.2 52056.7 174462 0 0 0 0 0 0
  447 111.625 0.178612 0.00178612 101407 -36.1596 16.6542 16.0046 78982.9 53324.5 171912 0 0 0 0 0 0
  448 111.875 0.182026 0.00182026 103877 -27.0447 13.3175 19.6087 81719.5 58122.4 171790 0 0 0 0 0 0
  449 112.125 0.18619 0.0018619 109409 -32.2582 17.1162 1.91327 86194.9 62151.9 179880 0 0 0 0 0 0
  450 112.375 0.191632 0.00191632 108112 -36.0815 27.046 5.31929 89592.4 57760.7 176983 0 0 0 0 0 0
  451 112.625 0.200394 0.00200394 106714 -31.0772 29.4492 11.9682 88540.3 57683.6 173918 0 0 0 0 0 0
  452 112.875 0.222546 0.00222546 109570 -26.0501 41.8748 19.4148 90157 55677.8 182877 -1.47325 -5.25375 -0.00929843 2.78203 -0.116488 0.219819
  453 113.125 0.188066 0.00188066 119330 -28.9992 48.2707 6.11354 99522.2 61144.9 197323 -17.7384 -70.7627 -0.0283308 35.4115 -0.298138 0.554744
  454 113.375 0.193984 0.00193984 120920 -36.8626 43.4325 -0.982091 101198 64728.9 196835 0 0 0 0 0 0
  455 113.625 0.20256 0.0020256 121316 -30.599 33.8091 -10.1101 96430.8 64300.8 203215 0 0 0 0 0 0
  456 113.875 0.221986 0.00221986 119024 -38.0598 23.014 -6.07227 95463.5 66052.3 195556 0 0 0 0 0 0
  457 114.125 0.220826 0.00220826 116355 -22.56 18.3603 11.1932 97057.9 62305.2 189703 0 0 0 0 0 0
  458 114.375 0.214306 0.00214306 111754 -19.0957 34.6858 21.8519 89025.5 55383.3 190854 0 0 0 0 0 0
  459 114.625 0.190044 0.00190044 113381 -11.7107 41.4844 4.74852 89747.5 54141 196254 0 0 0 0 0 0
  460 114.875 0.198806 0.00198806 98015.4 4.2268 43.9758 9.00399 60363 52602.1 181081 0 0 0 0 0 0
  461 115.125 0.21418 0.0021418 99615.4 -0.746595 45.585 12.6928 62745.7 55513.7 180587 0 0 0 0 0 0
  462 115.375 0.249746 0.00249746 97809.4 -4.82497 44.4261 14.4212 63544.1 50354.3 179530 0 0 0 0 0 0
  463 115.625 0.202342 0.00202342 95440.5 -14.5683 35.642 22.4936 61167.5 48718.2 176436 0 0 0 0 0 0
  464 115.875 0.215166 0.00215166 92775.2 -10.1922 33.48 34.1901 60987.7 47761.9 169576 0 0 0 0 0 0
  465 116.125 0.24585 0.0024585 96185.7 -20.7271 40.0029 22.8395 60754.5 55167.5 172635 0 0 0 0 0 0
  466 116.375 0.147854 0.00147854 108592 -10.709 51.08 -1.83051 68685.1 65059.6 192030 0 0 0 0 0 0
  467 116.625 0.149938 0.00149938 115150 -21.2775 48.7832 -22.1421 80093 63336.7 202020 0 0 0 0 0 0
  468 116.875 0.152248 0.00152248 110759 -16.128 34.8757 -8.20866 82958.7 55974.3 193345 0 0 0 0 0 0
  469 117.125 0.154996 0.00154996 103992 -13.9273 28.4155 13.7197 76655.6 52891.4 182428 0 0 0 0 0 0
  470 117.375 0.157824 0.00157824 103812 -12.3398 29.0911 27.4413 72225.4 53250.8 185960 0 0 0 0 0 0
  471 117.625 0.160186 0.00160186 103285 -20.5087 27.7079 31.6095 71709.5 51902.7 186242 0 0 0 0 0 0
  472 117.875 0.168052 0.00168052 102099 -31.0613 20.0327 39.1281 71433 51868.2 182995 0 0 0 0 0 0
  473 118.125 0.187478 0.00187478 107058 -40.6989 23.6261 25.2057 74502.3 56465.9 190206 0 0 0 0 0 0
  474 118.375 0.152466 0.00152466 109544 -40.0224 43.1594 24.5961 79304.8 55075.8 194252 0 0 0 0 0 0
  475 118.625 0.15618 0.0015618 106378 -35.6347 32.6055 30.9002 77101 51389.7 190644 0 0 0 0 0 0
  476 118.875 0.161098 0.00161098 104297 -35.6914 35.0926 31.8796 76777.7 49285.2 186828 0 0 0 0 0 0
  477 119.125 0.168514 0.00168514 104803 -25.9111 40.1221 37.5437 76281.1 54594.8 183534 0 0 0 0 0 0
  478 119.375 0.184456 0.00184456 106728 -26.4765 30.9923 33.1941 78357.1 55159.4 186668 0 0 0 0 0 0
  479 119.625 0.211832 0.00211832 108563 -35.5942 33.4805 27.4666 82921.4 55476.6 187292 0 0 0 0 0 0
  480 119.875 0.145478 0.00145478 113536 -38.1375 47.3027 19.7872 87339.2 56713 196557 -0.0108168 -0.115644 -0.0669758 -0.0353674 -0.0268699 -0.0878897
  481 120.125 0.151286 0.00151286 107519 -30.6825 38.9498 36.0234 81997.9 54881.6 185677 -0.00548079 -0.0585959 -0.033936 -0.0179203 -0.0136147 -0.0445329
  482 120.375 0.176998 0.00176998 107772 -27.3987 38.4044 36.3417 82555 56979.2 183781 0 0 0 0 0 0
  483 120.625 0.13491 0.0013491 111352 -36.2473 45.2474 26.3998 86742.1 59263.6 188050 0 0 0 0 0 0
  484 120.875 0.136984 0.00136984 111835 -35.0161 43.8293 24.6232 87463.5 60463.8 187577 -0.0756954 -1.75994 -12.4766 -0.345818 0.846579 4.60362
  485 121.125 0.140398 0.00140398 113008 -34.2397 52.7448 36.1107 87712.2 60805.4 190506 -0.0218043 -0.253682 -0.910049 -0.0743349 0.140528 0.48015
  486 121.375 0.156658 0.00156658 101967 -41.5362 58.6457 20.6927 87679.5 57761.7 160460 -0.0487049 -0.962675 -6.22934 -0.20557 0.475471 2.39524
  487 121.625 0.150402 0.00150402 103135 -40.5589 60.8388 11.216 87149.3 57861.5 164394 -5.79209 -1.64706 -7.86624 3.07498 6.71422 -3.59933
  488 121.875 0.138114 0.00138114 106613 -36.1143 68.3253 3.77879 85876.1 64639.7 169324 -68.7636 -91.7835 -3.64833 -75.8076 6.04949 1.62422
  489 122.125 0.139232 0.00139232 103249 -38.5518 56.0696 17.5519 85437.6 57810 166499 -3.16713 -1.05606 -5.11236 1.82619 4.01699 -2.32354
  490 122.375 0.140654 0.00140654 107643 -46.4847 49.638 16.4414 95478.4 58468.3 168981 0 0 0 0 0 0
  491 122.625 0.142226 0.00142226 106296 -43.7723 45.6106 -14.0323 99615.9 55427.7 163845 0 0 0 0 0 0
  492 122.875 0.143872 0.00143872 98931.5 -28.1433 49.0452 -7.90108 78347.5 57282.7 161164 -3.9985 -2.79294 -21.7464 -3.19582 -9.23484 -7.69678
  493 123.125 0.145624 0.00145624 96569.1 -22.8056 34.4503 -9.29954 79118.7 48627 161962 -0.360407 -0.622703 -3.22003 -0.472283 -1.07616 -1.41526
  494 123.375 0.147578 0.00147578 97837.1 -18.621 38.5236 -14.2853 81213.4 50536.6 161761 -2.37548 -1.4151 -12.0901 -1.77736 -5.3259 -4.09771
  495 123.625 0.149664 0.00149664 96523.7 -26.7228 42.6079 -13.2818 80077.1 49463.9 160030 -0.141252 -0.0300744 -0.00101051 -0.0651773 -0.0119472 -0.00551274
  496 123.875 0.152028 0.00152028 92587 -23.2065 36.6715 4.77456 77773 49880.9 150107 -10.2035 -2.12807 -0.0660779 -4.65974 -0.82085 -0.374915
  497 124.125 0.154652 0.00154652 93098.5 -27.3634 40.261 0.438861 79497.3 49180 150618 0 0 0 0 0 0
  498 124.375 0.15772 0.0015772 106202 -23.8758 48.769 11.476 82053.8 58051.1 178502 0 0 0 0 0 0
  499 124.625 0.161364 0.00161364 107264 -16.5288 33.1424 8.67727 80858.3 56888.5 184045 0 0 0 0 0 0
  500 124.875 0.165894 0.00165894 106506 -14.9984 43.5888 4.34238 78987.6 57567.7 182962 0 0 0 0 0 0
  501 125.125 0.172184 0.00172184 102429 -19.884 35.6529 21.2021 76363.7 58338.7 172584 0 0 0 0 0 0
  502 125.375 0.18303 0.0018303 105152 -28.3442 40.6794 22.1587 82433.4 54171.7 178852 0 0 0 0 0 0
  503 125.625 0.20477 0.0020477 107697 -29.3245 52.6481 17.8083 83595.8 56311.9 183183 0 0 0 0 0 0
  504 125.875 0.191828 0.00191828 105135 -28.6937 38.9674 17.2517 79863.1 54470.4 181073 0 0 0 0 0 0
  505 126.125 0.154358 0.00154358 112768 -16.6447 30.941 3.83331 80851.2 59286.8 198167 0 0 0 0 0 0
  506 126.375 0.157918 0.00157918 109307 -24.2952 27.4568 3.10305 78833.4 54014.3 195072 0 0 0 0 0 0
  507 126.625 0.162318 0.00162318 109931 -23.1239 28.6973 0.938416 82008.2 54361.4 193425 0 0 0 0 0 0
  508 126.875 0.1681 0.001681 113731 -37.1444 33.8737 12.9362 84294.8 55726.9 201170 0 0 0 0 0 0
  509 127.125 0.177458 0.00177458 112922 -36.4639 44.9325 29.7681 87439.1 61013.7 190312 0 0 0 0 0 0
  510 127.375 0.201328 0.00201328 109518 -37.1084 38.8233 33.6962 88675.1 54701 185179 0 0 0 0 0 0
  511 127.625 0.169968 0.00169968 113130 -37.3607 39.7708 23.4189 91150.8 56456 191785 0 0 0 0 0 0
  512 127.875 0.187022 0.00187022 111606 -45.018 45.9516 21.5465 90268.7 55359.2 189191 0 0 0 0 0 0
  513 128.125 0.179196 0.00179196 114058 -53.4125 36.0439 21.8774 90766.1 57429.3 193979 0 0 0 0 0 0
  514 128.375 0.16724 0.0016724 114020 -38.2891 43.8062 31.9302 91005.1 60826.3 190228 0 0 0 0 0 0
  515 128.625 0.176128 0.00176128 114363 -49.2515 38.0146 22.9563 97827.4 53718.5 191543 0 0 0 0 0 0
  516 128.875 0.196374 0.00196374 114499 -41.3718 34.8797 30.0816 98524.4 55317.4 189656 0 0 0 0 0 0
  517 129.125 0.192542 0.00192542 114060 -38.8755 37.3614 33.9576 96255.2 56652.7 189272 0 0 0 0 0 0
  518 129.375 0.207484 0.00207484 108479 -36.5035 41.1401 31.9382 86088.8 58090.5 181257 0 0 0 0 0 0
  519 129.625 0.195672 0.00195672 105864 -38.3622 36.9744 46.9908 88197 54659.3 174737 0 0 0 0 0 0
  520 129.875 0.164952 0.00164952 117012 -62.9776 40.0882 56.129 115446 55500.7 180088 0 0 0 0 0 0
  521 130.125 0.17675 0.0017675 103050 -45.9233 45.7768 40.6044 82960.5 52495.3 173695 0 0 0 0 0 0
  522 130.375 0.170792 0.00170792 109138 -49.6056 58.4703 22.2822 85765.1 60255.6 181393 0 0 0 0 0 0
  523 130.625 0.132902 0.00132902 111348 -40.032 48.988 20.0754 85739.9 63108 185197 0 0 0 0 0 0
  524 130.875 0.136368 0.00136368 105499 -34.6937 37.8454 23.3805 76568.2 62134.7 177794 0 0 0 0 0 0
  525 131.125 0.140818 0.00140818 107105 -36.7282 38.2274 13.841 75173.8 63447.4 182693 0 0 0 0 0 0
  526 131.375 0.1469 0.001469 106183 -34.4053 36.7997 21.9522 76677.9 65391.6 176481 0 0 0 0 0 0
  527 131.625 0.156736 0.00156736 102581 -39.0834 29.5893 38.9874 77945.5 58310.2 171488 0 0 0 0 0 0
  528 131.875 0.183454 0.00183454 106729 -52.2171 36.6843 31.1604 80912 67165.5 172110 0 0 0 0 0 0
  529 132.125 0.16884 0.0016884 99009.1 -38.1397 24.1919 34.1593 79231.4 53504.8 164291 0 0 0 0 0 0
  530 132.375 0.134764 0.00134764 103624 -35.3262 46.5308 23.3874 81496.9 58232.4 171144 0 0 0 0 0 0
  531 132.625 0.150966 0.00150966 108344 -43.4471 59.3964 20.8463 88924 62378.7 173730 0 0 0 0 0 0
  532 132.875 0.140444 0.00140444 110608 -40.8764 49.3294 21.7788 95403.8 62463.8 173957 0 0 0 0 0 0
  533 133.125 0.1293 0.001293 111234 -39.5692 48.6396 14.6819 94283.3 60988.6 178431 0 0 0 0 0 0
  534 133.375 0.145646 0.00145646 108205 -41.0562 51.6513 14.0836 92474.8 58217.3 173923 0 0 0 0 0 0
  535 133.625 0.132956 0.00132956 109565 -39.1602 49.8418 12.9366 91400.8 62494 174800 0 0 0 0 0 0
  536 133.875 0.12172 0.0012172 109039 -37.8542 48.8432 16.007 97276.2 60449.6 169391 0 0 0 0 0 0
  537 134.125 0.131904 0.00131904 114035 -26.7658 62.0244 18.1428 96166.2 71102.5 174836 0 0 0 0 0 0
  538 134.375 0.139454 0.00139454 110978 -25.5797 58.069 21.6356 90444.2 68388 174101 0 0 0 0 0 0
  539 134.625 0.115442 0.00115442 107679 -39.716 45.262 29.3612 88769.5 60920.5 173346 0 0 0 0 0 0
  540 134.875 0.141266 0.00141266 110662 -43.6513 55.3006 26.6787 91166.6 67218.2 173601 0 0 0 0 0 0
  541 135.125 0.09784 0.0009784 113384 -53.6599 49.3044 20.6247 96522.3 70093.3 173536 0 0 0 0 0 0
  542 135.375 0.098586 0.00098586 104024 -34.073 40.1162 13.6579 82231.2 60206.3 169634 0 0 0 0 0 0
  543 135.625 0.09939 0.0009939 105310 -35.366 40.6772 10.4577 81211.4 62523.3 172197 0 0 0 0 0 0
  544 135.875 0.100222 0.00100222 103074 -28.4474 39.6603 23.2086 80348.2 61451.3 167422 0 0 0 0 0 0
  545 136.125 0.10117 0.0010117 105549 -28.3686 33.2233 22.8084 78839.8 71506.4 166300 0 0 0 0 0 0
  546 136.375 0.10215 0.0010215 106356 -32.8229 32.3469 29.2048 83434.8 58905.7 176726 0 0 0 0 0 0
  547 136.625 0.103236 0.00103236 110762 -36.9619 39.9309 12.4614 83322.6 62902.3 186062 0 0 0 0 0 0
  548 136.875 0.104444 0.00104444 111870 -31.9484 51.7003 17.4281 83446.6 67696.9 184468 0 0 0 0 0 0
  549 137.125 0.10578 0.0010578 114485 -18.8303 29.551 14.7882 87835.3 66725.2 188895 0 0 0 0 0 0
  550 137.375 0.107336 0.00107336 113831 -45.8148 35.9691 25.2146 112245 62819.7 166428 0 0 0 0 0 0
  551 137.625 0.109198 0.00109198 112904 -46.9782 32.8283 5.64497 111484 62359.6 164867 0 0 0 0 0 0
  552 137.875 0.11154 0.0011154 115418 -46.6546 35.7455 -2.94405 112748 64602.1 168903 0 0 0 0 0 0
  553 138.125 0.114832 0.00114832 117031 -51.3602 40.5758 21.2759 111603 59183 180305 0 0 0 0 0 0
  554 138.375 0.120458 0.00120458 119991 -59.3935 52.8526 17.8267 113191 66460 180322 0 0 0 0 0 0
  555 138.625 0.145814 0.00145814 127141 -32.1108 46.1203 45.1277 111085 63118.3 207221 0 0 0 0 0 0
  556 138.875 0.10353 0.0010353 116282 -47.1376 41.327 20.6341 100487 65393 182965 0 0 0 0 0 0
  557 139.125 0.104888 0.00104888 110310 -41.4101 36.5578 13.1872 83782.8 63038.9 184108 0 0 0 0 0 0
  558 139.375 0.106412 0.00106412 110211 -34.7311 34.0425 15.6017 85744.3 59470.9 185418 0 0 0 0 0 0
  559 139.625 0.10822 0.0010822 114401 -41.2492 28.1156 -4.65484 86494.6 63712.9 192997 0 0 0 0 0 0
  560 139.875 0.11041 0.0011041 112946 -36.9707 41.1326 3.68542 86192.5 59870.8 192774 0 0 0 0 0 0
  561 140.125 0.113276 0.00113276 114729 -36.6998 37.3237 -1.05454 87892 64235.8 192059 0 0 0 0 0 0
  562 140.375 0.117608 0.00117608 119101 -32.0924 47.0734 16.1487 92605.4 72274.4 192423 0 0 0 0 0 0
  563 140.625 0.127082 0.00127082 118044 -43.931 41.5295 18.2999 93462.1 66917.9 193752 0 0 0 0 0 0
  564 140.875 0.13282 0.0013282 119362 -56.3113 41.8864 8.78941 91647.2 70325 196113 0 0 0 0 0 0
  565 141.125 0.105518 0.00105518 119435 -52.3297 32.6292 3.1513 94470.9 67775.6 196058 0 0 0 0 0 0
  566 141.375 0.107556 0.00107556 109346 -39.2855 31.2344 1.37107 85190.6 64451.4 178395 -8.91435 -2.9315 -8.6236 5.09064 8.75091 -5.02576
  567 141.625 0.111052 0.00111052 106737 -37.9976 22.3095 14.0532 82240.3 67015.5 170956 -14.4175 -9.85049 -23.4984 11.7928 18.2973 -15.2044
  568 141.875 0.11481 0.0011481 100834 -39.1685 25.0631 12.1148 71744.1 62878.8 167880 -33.8662 -17.9033 -45.4104 24.0536 38.7334 -28.4642
  569 142.125 0.122418 0.00122418 96449.8 -40.6988 19.6438 23.8476 67916.9 58432.5 163000 0 0 0 0 0 0
  570 142.375 0.135846 0.00135846 97863.7 -47.7633 12.1763 25.6358 71071 56782.4 165738 0 0 0 0 0 0
  571 142.625 0.102626 0.00102626 101189 -41.5963 13.0958 16.2585 74320.6 60295.1 168950 0 0 0 0 0 0
  572 142.875 0.104148 0.00104148 104148 -39.469 14.577 22.829 76220.8 66742.3 169481 0 0 0 0 0 0
  573 143.125 0.105866 0.00105866 101036 -44.6273 14.8161 13.0598 73267.7 60204.9 169634 0 0 0 0 0 0
  574 143.375 0.10795 0.0010795 98678.1 -43.4654 17.0566 20.5687 72088.3 58177.3 165769 0 0 0 0 0 0
  575 143.625 0.11054 0.0011054 97902 -32.2673 9.4928 27.0932 69925.5 60119.1 163662 0 0 0 0 0 0
  576 143.875 0.11416 0.0011416 100446 -29.3378 25.2393 22.2637 70333 64726.1 166278 0 0 0 0 0 0
  577 144.125 0.120296 0.00120296 95860.8 -33.1664 19.3273 38.5422 68306.7 57955.5 161320 0 0 0 0 0 0
  578 144.375 0.145074 0.00145074 96189.3 -27.5154 10.3607 40.094 67761.3 59604.3 161202 0 0 0 0 0 0
  579 144.625 0.104192 0.00104192 115181 -57.2403 25.0118 23.513 102209 62761.6 180573 0 0 0 0 0 0
  580 144.875 0.106356 0.00106356 114733 -43.0473 25.4305 12.9301 83000.2 62511.9 198688 0 0 0 0 0 0
  581 145.125 0.10916 0.0010916 116682 -40.5251 28.3924 3.58085 82605.3 66922.4 200519 0 0 0 0 0 0
  582 145.375 0.113546 0.00113546 117175 -48.5442 37.4381 2.10476 85319.7 64373.4 201831 -41.7734 -22.567 -0.304081 -30.4961 3.36747 2.35884
  583 145.625 0.12167 0.0012167 124058 -56.3428 40.7397 -1.77653 89219.3 67284.6 215671 -38.7892 -3.23673 -0.96731 -11.1114 -4.06381 -1.33484
  584 145.875 0.137092 0.00137092 116822 -57.4831 21.8917 28.3884 87275 64929.9 198260 0 0 0 0 0 0
  585 146.125 0.103414 0.00103414 117539 -44.8295 24.1885 26.7229 89336.2 62233.9 201045 0 0 0 0 0 0
  586 146.375 0.105776 0.00105776 116923 -40.6734 32.5492 27.6501 86967.6 63474.4 200326 0 0 0 0 0 0
  587 146.625 0.108678 0.00108678 119522 -44.845 36.4919 16.9617 90597.2 66565.5 201404 0 0 0 0 0 0
  588 146.875 0.112572 0.00112572 120139 -43.2404 34.1711 24.0051 94090.5 70428.4 195898 0 0 0 0 0 0
  589 147.125 0.118302 0.00118302 115509 -39.4938 33.3517 35.8336 83496.3 70241.2 192791 0 0 0 0 0 0
  590 147.375 0.129444 0.00129444 116624 -31.4991 38.2454 30.011 86198.2 67372.3 196300 0 0 0 0 0 0
  591 147.625 0.143402 0.00143402 117268 -29.9536 35.368 24.9157 86302.8 67392.5 198108 0 0 0 0 0 0
  592 147.875 0.125462 0.00125462 115812 -48.2558 52.2344 22.6325 84154.3 63243.5 200038 0 0 0 0 0 0
  593 148.125 0.144964 0.00144964 109991 -36.2205 38.0736 31.6337 83178.7 59642.6 187152 0 0 0 0 0 0
  594 148.375 0.092394 0.00092394 114725 -55.9268 42.2789 8.8565 84018.8 60692.5 199464 0 0 0 0 0 0
  595 148.625 0.08288 0.0008288 117619 -62.2358 61.8915 5.99509 89256.4 64018.2 199582 0 0 0 0 0 0
  596 148.875 0.083414 0.00083414 115155 -61.4909 47.4338 11.8687 89278.4 57614.4 198574 0 0 0 0 0 0
  597 149.125 0.083976 0.00083976 113397 -58.3451 46.1389 20.2453 86008.2 56813.6 197368 0 0 0 0 0 0
  598 149.375 0.084534 0.00084534 109636 -54.3152 39.0217 25.5123 79108 59667.8 190131 0 0 0 0 0 0
  599 149.625 0.085134 0.00085134 114392 -48.0144 48.9679 20.1581 84054 60412 198710 0 0 0 0 0 0
  600 149.875 0.085772 0.00085772 110050 -48.7799 41.1831 17.3785 78209.4 60283.9 191658 0 0 0 0 0 0
  601 150.125 0.086396 0.00086396 103294 -53.0133 43.4414 10.0761 80054.8 53905.6 175920 0 0 0 0 0 0
  602 150.375 0.087092 0.00087092 103958 -52.5173 38.3597 7.82345 78170.1 58430.3 175275 0 0 0 0 0 0
  603 150.625 0.08781 0.0008781 105331 -49.7631 50.0391 3.06903 78176.6 60350.5 177465 0 0 0 0 0 0
  604 150.875 0.088544 0.00088544 101144 -47.5825 34.6948 -11.1559 77489.2 55175.5 170768 0 0 0 0 0 0
  605 151.125 0.08933 0.0008933 107750 -39.5175 48.5893 -13.8216 81105.4 66757.6 175387 0 0 0 0 0 0
  606 151.375 0.09017 0.0009017 106911 -40.1808 48.0556 -16.6774 80452.6 65043.4 175237 0 0 0 0 0 0
  607 151.625 0.091084 0.00091084 113405 -42.2791 52.2015 -1.94639 83984.7 64008.7 192221 0 0 0 0 0 0
  608 151.875 0.09199 0.0009199 125853 -64.5897 53.3283 13.8627 114708 63413 199440 0 0 0 0 0 0
  609 152.125 0.093036 0.00093036 114676 -52.342 43.1667 1.68079 85400 64680.5 193946 0 0 0 0 0 0
  610 152.375 0.09413 0.0009413 116591 -49.2714 49.9693 -0.840564 86359.6 69083.1 194330 0 0 0 0 0 0
  611 152.625 0.09535 0.0009535 115203 -56.8906 37.5353 7.05559 88233.9 66403.8 190972 0 0 0 0 0 0
  612 152.875 0.096652 0.00096652 108769 -50.5844 28.4449 12.8223 81685.2 55419.2 189203 0 0 0 0 0 0
  613 153.125 0.09815 0.0009815 111668 -54.3064 29.7008 0.112363 84577.7 57734.4 192691 0 0 0 0 0 0
  614 153.375 0.099844 0.00099844 114373 -56.9415 37.407 9.07104 87772.3 63544.6 191803 0 0 0 0 0 0
  615 153.625 0.101846 0.00101846 113914 -51.58 33.8299 6.12169 89398.4 58520.7 193821 0 0 0 0 0 0
  616 153.875 0.10431 0.0010431 119317 -66.5596 28.3552 -9.93458 97223.1 60926.8 199800 0 0 0 0 0 0
  617 154.125 0.107584 0.00107584 110785 -61.5272 24.6792 18.7851 94400.5 56806.1 181148 0 0 0 0 0 0
  618 154.375 0.112814 0.00112814 110168 -65.9821 35.6151 24.3217 90576 63025 176902 0 0 0 0 0 0
  619 154.625 0.128284 0.00128284 107269 -60.7316 20.1861 38.0348 89128.7 59100.6 173577 0 0 0 0 0 0
  620 154.875 0.113682 0.00113682 108837 -56.7952 32.3811 27.8106 89528.1 60501.2 176483 0 0 0 0 0 0
  621 155.125 0.099538 0.00099538 107660 -64.1392 40.5928 18.9703 89002 56383.1 177596 0 0 0 0 0 0
  622 155.375 0.10153 0.0010153 105434 -54.5721 46.0417 26.2537 86541.2 53393.8 176367 0 0 0 0 0 0
  623 155.625 0.103802 0.00103802 104307 -53.31 45.6982 26.351 85664.2 52046.4 175210 0 0 0 0 0 0
  624 155.875 0.106502 0.00106502 117548 -60.7553 46.4133 27.8393 88432 51198.1 213013 0 0 0 0 0 0
  625 156.125 0.109808 0.00109808 111228 -57.7988 59.8537 18.2423 88689.9 60812 184181 0 0 0 0 0 0
  626 156.375 0.114042 0.00114042 106370 -56.4886 39.8702 20.0508 84126.5 55944.8 179038 0 0 0 0 0 0
  627 156.625 0.119974 0.00119974 107220 -53.8367 45.1598 22.8308 86631.9 57323.6 177705 0 0 0 0 0 0
  628 156.875 0.129974 0.00129974 106549 -53.8873 48.0821 26.4411 84624.3 59280.2 175741 0 0 0 0 0 0
  629 157.125 0.156264 0.00156264 106080 -61.4684 40.6894 21.3289 83226.8 55090.7 179922 0 0 0 0 0 0
  630 157.375 0.132918 0.00132918 110097 -66.4518 43.5149 12.1772 87090.4 61084.6 182116 0 0 0 0 0 0
  631 157.625 0.152492 0.00152492 112889 -61.0129 59.1764 17.4739 92134.1 67283.9 179249 0 0 0 0 0 0
  632 157.875 0.089862 0.00089862 111273 -51.0563 53.0551 25.0556 91093.2 64734.4 177991 0 0 0 0 0 0
  633 158.125 0.09317 0.0009317 111823 -54.4744 49.9379 17.9084 90459.7 62506.1 182503 0 0 0 0 0 0
  634 158.375 0.097696 0.00097696 112018 -59.0909 41.2519 9.35267 91891.2 57571.9 186592 0 0 0 0 0 0
  635 158.625 0.106708 0.00106708 116352 -63.4422 62.5987 8.27392 91721.3 70784.1 186552 -71.2485 -0.519688 -1.30679 -3.73954 -9.64542 -0.524376
  636 158.875 0.1435 0.001435 113054 -49.2463 69.2518 23.0016 89079.9 68919.2 181163 -8.96307 -0.0653768 -0.164394 -0.470435 -1.2134 -0.0659665
  637 159.125 0.089946 0.00089946 115658 -61.2456 63.0078 37.8148 103158 69998.7 173819 0 0 0 0 0 0
  638 159.375 0.095442 0.00095442 104114 -45.6117 63.3723 20.2007 71088.4 71901.9 169352 0 0 0 0 0 0
  639 159.625 0.119654 0.00119654 103832 -55.4129 69.9203 19.046 71792.1 68617 171088 0 0 0 0 0 0
  640 159.875 0.077706 0.00077706 98517.9 -39.6221 28.1617 10.448 65218 45333.3 185002 0 0 0 0 0 0
  641 160.125 0.078652 0.00078652 99577.8 -51.5952 20.8655 2.82492 68826.7 46560.8 183346 0 0 0 0 0 0
  642 160.375 0.079696 0.00079696 98684.1 -30.4876 21.9467 5.15438 65927.5 47271.7 182853 0 0 0 0 0 0
  643 160.625 0.0809 0.000809 98312.5 -40.5456 14.624 2.41868 65093.2 45942.8 183902 0 0 0 0 0 0
  644 160.875 0.082248 0.00082248 96118.8 -41.409 23.4013 8.29101 63190.6 43973.7 181192 0 0 0 0 0 0
  645 161.125 0.083818 0.00083818 95687.6 -44.7455 19.6416 11.5727 64382.3 42358.7 180322 0 0 0 0 0 0
  646 161.375 0.085672 0.00085672 99109.4 -39.3871 24.0146 9.55469 65381.2 46297.1 185650 0 0 0 0 0 0
  647 161.625 0.088 0.00088 98243.3 -37.7213 27.6101 13.7866 64899 45312.1 184519 0 0 0 0 0 0
  648 161.875 0.091052 0.00091052 97186.2 -37.9052 18.9275 24.2506 62941.6 46673.1 181944 0 0 0 0 0 0
  649 162.125 0.095384 0.00095384 103074 -43.579 20.5469 23.5118 73394.5 46832.6 188995 0 0 0 0 0 0
  650 162.375 0.102756 0.00102756 107698 -39.351 28.4923 14.206 77171.5 51326.5 194596 0 0 0 0 0 0
  651 162.625 0.125112 0.00125112 110785 -36.7878 31.9512 9.1283 75152.8 51632 205569 0 0 0 0 0 0
  652 162.875 0.120208 0.00120208 103582 -40.6144 33.997 9.41622 75807.5 47793.7 187145 0 0 0 0 0 0
  653 163.125 0.071146 0.00071146 108365 -50.0268 27.2769 -3.55234 85639.2 47591.3 191864 0 0 0 0 0 0
  654 163.375 0.071966 0.00071966 110067 -60.8678 24.1748 -7.72678 89346.8 48293.8 192561 0 0 0 0 0 0
  655 163.625 0.07289 0.0007289 105990 -46.9016 23.0952 -15.489 83907.5 46672.3 187391 0 0 0 0 0 0
  656 163.875 0.073962 0.00073962 105996 -49.5322 23.188 -11.3624 82842.4 45802.8 189343 0 0 0 0 0 0
  657 164.125 0.07522 0.0007522 105152 -40.9719 22.7333 -13.0268 81441.8 44679.9 189333 0 0 0 0 0 0
  658 164.375 0.076774 0.00076774 106891 -39.5921 32.2439 -15.7261 84045.1 46355.3 190271 0 0 0 0 0 0
  659 164.625 0.078828 0.00078828 104422 -51.1934 27.9438 -10.5637 81148.8 43942.1 188174 0 0 0 0 0 0
  660 164.875 0.08186 0.0008186 105522 -57.3804 30.9104 -11.6112 81078.4 45176 190311 0 0 0 0 0 0
  661 165.125 0.087588 0.00087588 115317 -62.0692 22.9163 -0.973669 84861.5 50432.7 210656 0 0 0 0 0 0
  662 165.375 0.108854 0.00108854 113335 -49.1759 25.242 3.69127 80883.4 51743.3 207378 0 0 0 0 0 0
  663 165.625 0.068808 0.00068808 112107 -52.7669 18.4938 7.82438 80674.8 48543.7 207103 0 0 0 0 0 0
  664 165.875 0.069586 0.00069586 111275 -55.2341 17.6227 11.5347 81129.3 47280.7 205416 0 0 0 0 0 0
  665 166.125 0.070418 0.00070418 122959 -65.4734 17.9838 9.5279 103725 48262.6 216889 0 0 0 0 0 0
  666 166.375 0.071382 0.00071382 130777 -74.5318 15.391 1.97593 119414 48696.7 224221 0 0 0 0 0 0
  667 166.625 0.072532 0.00072532 127007 -68.1091 23.345 11.996 111784 48181.8 221057 0 0 0 0 0 0
  668 166.875 0.073902 0.00073902 121105 -53.6286 31.8214 11.4454 93692.6 48691.1 220931 0 0 0 0 0 0
  669 167.125 0.075668 0.00075668 120403 -54.3907 25.0832 16.0692 94193.8 47239.9 219775 0 0 0 0 0 0
  670 167.375 0.078172 0.00078172 120219 -46.9651 24.1692 10.7327 92416.2 48225.1 220015 0 0 0 0 0 0
  671 167.625 0.082342 0.00082342 120147 -50.3604 26.1796 14.1476 92728.9 48963 218749 0 0 0 0 0 0
  672 167.875 0.094486 0.00094486 121597 -61.8761 27.458 12.6255 94394.2 52098.8 218299 0 0 0 0 0 0
  673 168.125 0.086452 0.00086452 114920 -45.336 25.1633 23.0957 93166.5 49016.7 202577 0 0 0 0 0 0
  674 168.375 0.066544 0.00066544 114510 -38.7987 23.315 23.4816 90690.1 49977.1 202864 0 0 0 0 0 0
  675 168.625 0.06722 0.0006722 120018 -35.6144 37.9498 9.24058 97578.7 56003.4 206472 0 0 0 0 0 0
  676 168.875 0.067882 0.00067882 117243 -40.5492 28.1746 15.4156 93409.8 54023.1 204295 0 0 0 0 0 0
  677 169.125 0.06868 0.0006868 113294 -31.7574 30.6126 13.9005 90741.3 52488.3 196652 0 0 0 0 0 0
  678 169.375 0.069502 0.00069502 112582 -35.4127 28.93 20.5732 89678.5 51873.4 196193 0 0 0 0 0 0
  679 169.625 0.070468 0.00070468 113434 -30.1364 32.6949 8.18631 89408.3 51957.3 198936 0 0 0 0 0 0
  680 169.875 0.07156 0.0007156 114524 -37.0137 35.4906 5.72064 92726.1 51211.7 199636 0 0 0 0 0 0
  681 170.125 0.072802 0.00072802 112698 -51.1081 22.8217 6.3007 92742.5 47315.6 198037 0 0 0 0 0 0
  682 170.375 0.074276 0.00074276 110165 -39.4239 31.759 13.3799 88779.2 47385.9 194331 0 0 0 0 0 0
  683 170.625 0.076086 0.00076086 109112 -47.1443 19.1363 18.8154 89560.7 47034.5 190741 0 0 0 0 0 0
  684 170.875 0.078388 0.00078388 110229 -44.6072 14.2582 16.0965 89219 48195.9 193272 0 0 0 0 0 0
  685 171.125 0.081498 0.00081498 108693 -47.3047 15.6266 31.1416 87988.9 49699.2 188390 0 0 0 0 0 0
  686 171.375 0.086236 0.00086236 105459 -39.8744 13.5234 21.2307 85368.4 48133.2 182876 0 0 0 0 0 0
  687 171.625 0.09542 0.0009542 106480 -50.6385 8.74064 30.8733 87059.4 48614.4 183765 0 0 0 0 0 0
  688 171.875 0.117294 0.00117294 106611 -54.1373 12.1836 22.2249 86739.4 47936 185157 0 0 0 0 0 0
  689 172.125 0.09466 0.0009466 105019 -36.1458 22.6965 14.1029 81312.7 46364.8 187381 0 0 0 0 0 0
  690 172.375 0.059526 0.00059526 107110 -20.9143 32.2154 12.8848 83100.2 48087.4 190142 0 0 0 0 0 0
  691 172.625 0.05998 0.0005998 107198 -28.7896 29.3755 14.2766 84176.7 48499.1 188919 0 0 0 0 0 0
  692 172.875 0.060522 0.00060522 104899 -20.1162 27.428 20.8162 82089.9 46255.8 186352 0 0 0 0 0 0
  693 173.125 0.061102 0.00061102 127975 -43.1684 27.0158 46.0678 115370 48615.2 219940 0 0 0 0 0 0
  694 173.375 0.06174 0.0006174 108232 -23.899 25.9153 16.8679 90613.8 47781.2 186300 0 0 0 0 0 0
  695 173.625 0.062532 0.00062532 109005 -30.5565 33.7513 17.3719 92347.3 48342.5 186326 0 0 0 0 0 0
  696 173.875 0.063418 0.00063418 104680 -42.2086 45.6819 15.0102 83927.1 47919.6 182195 0 0 0 0 0 0
  697 174.125 0.064526 0.00064526 104114 -38.6509 32.6796 11.5754 83355.8 48352.7 180633 0 0 0 0 0 0
  698 174.375 0.066016 0.00066016 104528 -32.4182 37.1406 32.228 81246.6 52479.5 179859 0 0 0 0 0 0
  699 174.625 0.0681 0.000681 102048 -34.7698 36.3789 23.3455 79891.9 48662.4 177589 0 0 0 0 0 0
  700 174.875 0.071664 0.00071664 98585.1 -33.8065 35.457 24.0826 75344.1 46560 173851 0 0 0 0 0 0
  701 175.125 0.080908 0.00080908 97503.6 -33.8766 24.0848 19.6794 75931.7 43626.6 172953 0 0 0 0 0 0
  702 175.375 0.081876 0.00081876 91662 -29.2379 32.8005 7.9685 74446.8 41937.4 158602 0 0 0 0 0 0
  703 175.625 0.055532 0.00055532 84343.5 -32.5286 29.0862 12.8407 76439.4 41741.8 134849 0 0 0 0 0 0
  704 175.875 0.05575 0.0005575 86313.3 -16.1012 37.9518 26.207 77769.7 44984.7 136185 0 0 0 0 0 0
  705 176.125 0.055994 0.00055994 85687.8 -27.4145 36.8495 27.0888 76964.1 44526.4 135573 0 0 0 0 0 0
  706 176.375 0.056212 0.00056212 86883.2 -23.4617 32.2103 23.5645 76983.4 47320.3 136346 0 0 0 0 0 0
  707 176.625 0.05648 0.0005648 86867.6 -23.8019 31.8357 21.8681 77024.6 46955.7 136622 0 0 0 0 0 0
  708 176.875 0.056704 0.00056704 86413.9 -27.1339 26.4558 24.5269 76434 46910.7 135897 0 0 0 0 0 0
  709 177.125 0.056962 0.00056962 87257.4 -34.119 41.2235 14.118 77524.2 47126.7 137121 0 0 0 0 0 0
  710 177.375 0.05723 0.0005723 85112.8 -23.7437 37.4976 28.8601 76327.9 46010.1 133000 0 0 0 0 0 0
  711 177.625 0.057488 0.00057488 86986.1 -14.8157 42.9547 25.6403 77969.8 47860.5 135128 0 0 0 0 0 0
  712 177.875 0.057764 0.00057764 88933.2 -17.9207 34.0929 11.689 77422.7 50451.5 138926 0 0 0 0 0 0
  713 178.125 0.058046 0.00058046 90814.4 -5.97333 30.764 4.07068 79624.3 51373.5 141445 0 0 0 0 0 0
  714 178.375 0.058346 0.00058346 95491.5 -24.6244 35.6672 16.9948 89441 49735.9 147298 0 0 0 0 0 0
  715 178.625 0.058636 0.00058636 106092 -24.4664 39.1975 17.4087 95603.2 52891.8 169781 0 0 0 0 0 0
  716 178.875 0.05895 0.0005895 105071 -24.3374 42.3085 15.2448 93934.3 51708.6 169571 0 0 0 0 0 0
  717 179.125 0.059254 0.00059254 105728 -28.6095 38.5638 19.1179 91791 55390.6 170001 0 0 0 0 0 0
  718 179.375 0.059592 0.00059592 106656 -19.0324 40.5103 7.71707 95261.3 54655.9 170050 0 0 0 0 0 0
  719 179.625 0.059936 0.00059936 106303 -24.6871 37.1472 7.46652 96109.6 52370.1 170430 0 0 0 0 0 0
  720 179.875 0.060278 0.00060278 110516 -31.8841 37.8883 13.8035 109972 52942.9 168633 0 0 0 0 0 0
  721 180.125 0.060676 0.00060676 109579 -33.2459 36.6035 -9.00169 111217 50729.6 166791 0 0 0 0 0 0
  722 180.375 0.061022 0.00061022 105339 -35.0129 29.3662 -8.61146 100973 48112.3 166931 0 0 0 0 0 0
  723 180.625 0.061436 0.00061436 99737.4 -33.9924 38.7601 9.17231 86469 49907.2 162836 0 0 0 0 0 0
  724 180.875 0.06186 0.0006186 100416 -34.9938 41.7657 2.56082 83467.1 51523.8 166257 0 0 0 0 0 0
  725 181.125 0.062296 0.00062296 96946.5 -39.4972 32.4284 17.0401 81879.9 47734.5 161225 0 0 0 0 0 0
  726 181.375 0.062772 0.00062772 97005.3 -31.7136 34.6454 21.7971 79814.6 49794.1 161407 0 0 0 0 0 0
  727 181.625 0.063232 0.00063232 97079.7 -31.2271 49.1131 25.4326 79946 50076.1 161217 0 0 0 0 0 0
  728 181.875 0.063782 0.00063782 96471.8 -26.6827 48.9674 27.0403 78395.5 50176.6 160843 0 0 0 0 0 0
  729 182.125 0.064316 0.00064316 96094.3 -24.7293 44.9287 26.8939 77724.2 48882.9 161676 0 0 0 0 0 0
  730 182.375 0.064926 0.00064926 95666.8 -28.3333 48.9055 19.2099 74260.3 50880.5 161860 0 0 0 0 0 0
  731 182.625 0.06557 0.0006557 97009.5 -25.1925 48.3735 13.1644 76892.1 51332.6 162804 0 0 0 0 0 0
  732 182.875 0.066278 0.00066278 97286.2 -25.0521 41.5232 14.3933 75990.6 52849.5 163019 0 0 0 0 0 0
  733 183.125 0.06707 0.0006707 97714.6 -21.0278 55.2609 28.1703 77608.4 52986 162549 0 0 0 0 0 0
  734 183.375 0.067954 0.00067954 95611.2 -25.0894 39.8745 18.0521 73567.3 51613 161653 0 0 0 0 0 0
  735 183.625 0.068986 0.00068986 94555.9 -22.5226 44.7687 21.158 70235.6 52232.6 161200 0 0 0 0 0 0
  736 183.875 0.07018 0.0007018 92379.3 -23.3644 45.2315 19.9453 67031.7 50444.8 159661 0 0 0 0 0 0
  737 184.125 0.071662 0.00071662 96120.3 -21.3576 47.8492 12.2373 70422.7 55352.9 162585 0 0 0 0 0 0
  738 184.375 0.07363 0.0007363 94645.2 -18.0813 41.5693 19.2682 67706.5 54140.5 162089 0 0 0 0 0 0
  739 184.625 0.07654 0.0007654 97321.4 -12.3971 68.0128 7.35705 70730.3 56654.5 164579 0 0 0 0 0 0
  740 184.875 0.081996 0.00081996 94344.2 -5.23016 55.3318 7.24682 65833.2 50749.4 166450 0 0 0 0 0 0
  741 185.125 0.104396 0.00104396 95374.7 -14.0284 61.418 16.3435 67174.7 55624 163325 0 0 0 0 0 0
  742 185.375 0.063274 0.00063274 92678.9 -26.8101 38.3075 21.3233 67299 49022.3 161715 0 0 0 0 0 0
  743 185.625 0.063868 0.00063868 91518.3 -22.5845 36.8109 24.8285 65880.2 46813.5 161861 0 0 0 0 0 0
  744 185.875 0.064492 0.00064492 92090.4 -21.8288 36.1472 22.052 66422 47591 162258 0 0 0 0 0 0
  745 186.125 0.065178 0.00065178 101045 -44.7615 46.8921 18.2058 77406 53694.8 172034 0 0 0 0 0 0
  746 186.375 0.06591 0.0006591 100934 -31.7249 33.6763 27.8683 76807.5 54064.7 171928 0 0 0 0 0 0
  747 186.625 0.066056 0.00066056 103188 -36.1096 39.4443 24.2932 83306.2 54776.4 171480 -0.380967 -15.1177 -262.578 -2.25563 9.69889 62.6786
  748 186.875 0.066442 0.00066442 102849 -36.7745 49.6729 10.3115 81515 56608.3 170423 -0.142042 -9.13583 -142.532 -1.1319 4.4832 36.0714
  749 187.125 0.06884 0.0006884 97883.7 -37.5726 34.1152 15.8361 75451.5 48388.5 169811 -0.171661 -5.72632 -104.47 -0.926123 4.10127 24.3019
  750 187.375 0.06998 0.0006998 98071 -34.347 35.2672 12.7729 74956.6 49440.7 169816 0 0 0 0 0 0
  751 187.625 0.071398 0.00071398 104125 -37.9388 34.0922 -5.83003 74480.8 51262.3 186633 0 0 0 0 0 0
  752 187.875 0.073182 0.00073182 104851 -36.8974 40.0825 -10.2093 74614.4 47935.1 192004 0 0 0 0 0 0
  753 188.125 0.075522 0.00075522 105293 -34.0326 42.9102 -9.95193 77156.2 47941.6 190780 0 0 0 0 0 0
  754 188.375 0.079128 0.00079128 106660 -31.6265 43.1721 -19.4283 78968.4 49515.2 191496 0 0 0 0 0 0
  755 188.625 0.08654 0.0008654 108548 -40.6185 45.1097 -21.5699 80642.6 52135.9 192864 0 0 0 0 0 0
  756 188.875 0.099358 0.00099358 108805 -34.4517 50.3128 -29.4922 78018.3 52626.5 195772 0 0 0 0 0 0
  757 189.125 0.066108 0.00066108 109260 -33.1202 35.2729 -31.6012 82498.9 49347.9 195934 0 0 0 0 0 0
  758 189.375 0.067378 0.00067378 108722 -41.3616 29.404 -25.6851 82608.6 49370.5 194188 0 0 0 0 0 0
  759 189.625 0.068982 0.00068982 108896 -39.7961 34.2239 -20.9451 83524 49710.8 193452 0 0 0 0 0 0
  760 189.875 0.071144 0.00071144 107992 -37.9521 34.1388 -13.382 84236.7 46093.1 193647 0 0 0 0 0 0
  761 190.125 0.07452 0.0007452 107942 -34.7031 35.9218 -14.3522 85933.4 46179 191712 0 0 0 0 0 0
  762 190.375 0.081796 0.00081796 117317 -33.0439 27.9512 5.67271 83075 48176 220701 0 0 0 0 0 0
  763 190.625 0.093438 0.00093438 107685 -24.8073 14.453 -11.96 82025.9 48213.4 192816 0 0 0 0 0 0
  764 190.875 0.060302 0.00060302 114224 -38.9995 20.8259 -8.85809 96125 52843.2 193703 0 0 0 0 0 0
  765 191.125 0.060944 0.00060944 112529 -38.4725 28.9494 -7.96854 92730.5 51209.3 193647 0 0 0 0 0 0
  766 191.375 0.061654 0.00061654 111660 -37.7146 29.1682 -12.5593 92412.5 48998 193571 0 0 0 0 0 0
  767 191.625 0.062466 0.00062466 112056 -41.5611 36.5598 -12.6101 92305.4 49859 194005 0 0 0 0 0 0
  768 191.875 0.063414 0.00063414 112521 -35.1546 28.0767 -11.2764 93061 51462.3 193041 0 0 0 0 0 0
  769 192.125 0.064504 0.00064504 110470 -41.2324 27.9065 3.68279 91942 48564.3 190902 0 0 0 0 0 0
  770 192.375 0.06589 0.0006589 109799 -42.7883 29.7351 2.366 90355.4 47982.2 191060 0 0 0 0 0 0
  771 192.625 0.067712 0.00067712 109915 -41.132 35.1027 -2.6448 90222.2 50489.5 189034 0 0 0 0 0 0
  772 192.875 0.0704 0.000704 101004 -43.3062 36.3838 15.0022 91329.7 51877.8 159806 0 0 0 0 0 0
  773 193.125 0.075418 0.00075418 99390.5 -38.479 38.9877 12.0277 91202.4 48493.7 158475 0 0 0 0 0 0
  774 193.375 0.099952 0.00099952 110094 -60.2078 21.3185 5.21481 123321 48140.5 158821 0 0 0 0 0 0
  775 193.625 0.05696 0.0005696 98100.2 -33.3914 35.9035 -4.39413 92319.8 47951.1 154030 0 0 0 0 0 0
  776 193.875 0.057362 0.00057362 98877.9 -32.4141 40.3299 -3.94305 93069.6 50495.3 153069 0 0 0 0 0 0
  777 194.125 0.057798 0.00057798 97650.4 -30.8244 33.3535 7.47034 91657.4 48289.5 153004 0 0 0 0 0 0
  778 194.375 0.058244 0.00058244 96184 -31.6078 27.5736 -0.0631067 90705.5 46338.9 151508 0 0 0 0 0 0
  779 194.625 0.05871 0.0005871 95761.7 -41.5139 21.6214 3.98799 89414.8 45227.5 152643 0 0 0 0 0 0
  780 194.875 0.059208 0.00059208 89295.4 -39.6758 27.4463 9.1706 83708.7 48537.1 135640 0 0 0 0 0 0
  781 195.125 0.059728 0.00059728 90377 -45.8697 26.8558 6.28807 88469.2 46976.8 135685 0 0 0 0 0 0
  782 195.375 0.06027 0.0006027 88308.7 -33.4023 23.2627 9.14151 85635.1 42253.3 137038 0 0 0 0 0 0
  783 195.625 0.060862 0.00060862 90273.7 -30.9737 32.0099 11.4865 84533.9 49969.2 136318 0 0 0 0 0 0
  784 195.875 0.061492 0.00061492 84585.4 -25.0079 24.7884 1.6696 83185.8 41952.4 128618 0 0 0 0 0 0
  785 196.125 0.062162 0.00062162 86618.8 -23.4544 25.4762 4.68565 87029.2 43128.1 129699 0 0 0 0 0 0
  786 196.375 0.0629 0.000629 87415.1 -30.4652 39.5213 8.56623 88615.9 44601.6 129028 0 0 0 0 0 0
  787 196.625 0.06369 0.0006369 87662.2 -28.2859 40.2458 8.32205 89784.7 45284.1 127918 0 0 0 0 0 0
  788 196.875 0.064588 0.00064588 85865.7 -31.456 28.5475 12.3329 89083.8 40328.5 128185 0 0 0 0 0 0
  789 197.125 0.0656 0.000656 87242.6 -38.6994 33.7949 13.2928 90855.6 43171.8 127700 0 0 0 0 0 0
  790 197.375 0.066742 0.00066742 87091.6 -31.8127 33.9967 7.82868 89509.6 43217 128548 0 0 0 0 0 0
  791 197.625 0.06811 0.0006811 89265.6 -31.6349 48.1295 3.07328 90394.4 50472.3 126930 0 0 0 0 0 0
  792 197.875 0.06981 0.0006981 86108.3 -33.9617 25.1714 5.49318 88070.3 44441.9 125813 0 0 0 0 0 0
  793 198.125 0.072064 0.00072064 89663.1 -32.3974 24.4698 2.0688 88986.8 53819.2 126183 0 0 0 0 0 0
  794 198.375 0.075498 0.00075498 86519.8 -33.2351 26.6294 -1.48 89600.2 46413 123546 0 0 0 0 0 0
  795 198.625 0.082622 0.00082622 83122.5 -34.4773 40.924 6.2693 84776.7 47826.1 116765 0 0 0 0 0 0
  796 198.875 0.095886 0.00095886 83226.6 -32.6167 34.4327 5.54746 84989.8 47872.4 116818 0 0 0 0 0 0
  797 199.125 0.061816 0.00061816 79150.7 -30.0236 12.5399 11.745 81123.7 40047.2 116281 0 0 0 0 0 0
  798 199.375 0.062594 0.00062594 78395.1 -31.7326 18.8095 15.9485 80346.6 38377.3 116461 0 0 0 0 0 0
  799 199.625 0.063438 0.00063438 77806.2 -36.617 16.1466 17.8766 78720.8 38156.2 116542 0 0 0 0 0 0
  800 199.875 0.064384 0.00064384 77258.8 -39.3148 20.9999 17.2167 81008.6 35029 115739 0 0 0 0 0 0
